412
412
412
412
412
412
412
412
421
421
421
421
421
421
415
415
415
415
415
403
403
403
403
403
423
423
423
423
423
423
416
416
416
416
416
414
414
414
414
414
404
404
404
404
404
404
415
415
415
415
415
405
405
405
405
405
405
405
405
405
405
405
411
411
411
411
411
408
408
408
408
408
437
437
437
437
437
437
428
428
428
428
428
404
404
404
404
404
417
417
417
417
417
417
408
408
408
408
408
410
410
410
410
410
413
413
413
413
413
413
404
404
404
404
404
410
410
410
410
410
410
410
410
410
410
410
422
422
422
422
422
420
420
420
420
420
417
417
417
417
417
417
402
402
402
402
402
407
407
407
407
407
402
402
402
402
402
402
415
415
415
415
415
412
412
412
412
412
415
415
415
415
415
415
408
408
408
408
408
415
415
415
415
415
410
410
410
410
410
410
410
410
410
410
410
426
426
426
426
426
410
410
410
410
410
410
416
416
416
416
416
416
416
416
416
416
424
424
424
424
424
424
421
421
421
421
421
418
418
418
418
418
423
423
423
423
423
423
424
424
424
424
424
403
403
403
403
403
409
409
409
409
409
409
422
422
422
422
422
420
420
420
420
420
417
417
417
417
417
417
426
426
426
426
426
401
401
401
401
401
430
430
430
430
430
430
425
425
425
425
425
413
413
413
413
413
419
419
419
419
419
419
419
419
419
419
419
403
403
403
403
403
415
415
415
415
415
415
392
392
392
392
392
417
417
417
417
417
418
418
418
418
418
418
414
414
414
414
414
422
422
422
422
422
411
411
411
411
411
411
426
426
426
426
426
406
406
406
406
406
421
421
421
421
421
421
411
411
411
411
411
411
411
411
411
411
407
407
407
407
407
407
421
421
421
421
421
415
415
415
415
415
430
430
430
430
430
430
406
406
406
406
406
417
417
417
417
417
421
421
421
421
421
421
410
410
410
410
410
406
406
406
406
406
436
436
436
436
436
436
411
411
411
411
411
409
409
409
409
409
414
414
414
414
414
414
418
418
418
418
418
422
422
422
422
422
421
421
421
421
421
421
416
416
416
416
416
421
421
421
421
421
415
415
415
415
415
415
406
406
406
406
406
427
427
427
427
427
424
424
424
424
424
424
430
430
430
430
430
429
429
429
429
429
411
411
411
411
411
411
414
414
414
414
414
409
409
409
409
409
396
396
396
396
396
396
403
403
403
403
403
392
392
392
392
392
407
407
407
407
407
407
395
395
395
395
395
406
406
406
406
406
385
385
385
385
385
385
401
401
401
401
401
393
393
393
393
393
406
406
406
406
406
406
401
401
401
401
401
412
412
412
412
412
412
412
412
412
412
412
425
425
425
425
425
409
409
409
409
409
409
409
409
409
409
409
391
391
391
391
391
393
393
393
393
393
408
408
408
408
408
408
386
386
386
386
386
372
372
372
372
372
374
374
374
374
374
374
372
372
372
372
372
382
382
382
382
382
369
369
369
369
369
369
356
356
356
356
356
346
346
346
346
346
355
355
355
355
355
355
373
373
373
373
373
369
369
369
369
369
387
387
387
387
387
387
426
426
426
426
426
457
457
457
457
457
505
505
505
505
505
505
582
582
582
582
582
601
601
601
601
601
564
564
564
564
564
564
509
509
509
509
509
464
464
464
464
464
406
406
406
406
406
406
373
373
373
373
373
368
368
368
368
368
367
367
367
367
367
367
354
354
354
354
354
367
367
367
367
367
366
366
366
366
366
366
400
400
400
400
400
402
402
402
402
402
443
443
443
443
443
443
474
474
474
474
474
505
505
505
505
505
516
516
516
516
516
516
539
539
539
539
539
540
540
540
540
540
533
533
533
533
533
533
541
541
541
541
541
529
529
529
529
529
537
537
537
537
537
537
564
564
564
564
564
583
583
583
583
583
575
575
575
575
575
575
563
563
563
563
563
520
520
520
520
520
487
487
487
487
487
487
448
448
448
448
448
434
434
434
434
434
416
416
416
416
416
416
399
399
399
399
399
394
394
394
394
394
394
394
394
394
394
394
398
398
398
398
398
418
418
418
418
418
404
404
404
404
404
404
429
429
429
429
429
442
442
442
442
442
466
466
466
466
466
466
461
461
461
461
461
456
456
456
456
456
444
444
444
444
444
444
431
431
431
431
431
405
405
405
405
405
395
395
395
395
395
395
358
358
358
358
358
345
345
345
345
345
350
350
350
350
350
350
338
338
338
338
338
345
345
345
345
345
344
344
344
344
344
344
361
361
361
361
361
378
378
378
378
378
386
386
386
386
386
386
420
420
420
420
420
464
464
464
464
464
505
505
505
505
505
505
541
541
541
541
541
496
496
496
496
496
473
473
473
473
473
473
427
427
427
427
427
401
401
401
401
401
364
364
364
364
364
364
364
364
364
364
364
346
346
346
346
346
339
339
339
339
339
339
345
345
345
345
345
342
342
342
342
342
368
368
368
368
368
373
373
373
373
373
396
396
396
396
396
407
407
407
407
407
407
447
447
447
447
447
468
468
468
468
468
451
451
451
451
451
451
438
438
438
438
438
441
441
441
441
441
431
431
431
431
431
431
422
422
422
422
422
423
423
423
423
423
407
407
407
407
407
407
398
398
398
398
398
409
409
409
409
409
407
407
407
407
407
407
410
410
410
410
410
404
404
404
404
404
433
433
433
433
433
433
447
447
447
447
447
450
450
450
450
450
479
479
479
479
479
479
498
498
498
498
498
517
517
517
517
517
513
513
513
513
513
513
497
497
497
497
497
480
480
480
480
480
483
483
483
483
483
483
475
475
475
475
475
523
523
523
523
523
528
528
528
528
528
528
535
535
535
535
535
581
581
581
581
581
628
628
628
628
628
628
632
632
632
632
632
665
665
665
665
665
626
626
626
626
626
626
606
606
606
606
606
591
591
591
591
591
565
565
565
565
565
565
561
561
561
561
561
567
567
567
567
567
597
597
597
597
597
597
644
644
644
644
644
804
804
804
804
804
954
954
954
954
954
954
1067
1067
1067
1067
1067
1186
1186
1186
1186
1186
1234
1234
1234
1234
1234
1234
1215
1215
1215
1215
1215
1080
1080
1080
1080
1080
899
899
899
899
899
899
645
645
645
645
645
457
457
457
457
457
401
401
401
401
401
401
356
356
356
356
356
344
344
344
344
344
332
332
332
332
332
332
327
327
327
327
327
318
318
318
318
318
328
328
328
328
328
328
321
321
321
321
321
328
328
328
328
328
339
339
339
339
339
339
340
340
340
340
340
361
361
361
361
361
372
372
372
372
372
372
406
406
406
406
406
420
420
420
420
420
482
482
482
482
482
482
635
635
635
635
635
836
836
836
836
836
1021
1021
1021
1021
1021
1021
1071
1071
1071
1071
1071
1096
1096
1096
1096
1096
954
954
954
954
954
954
781
781
781
781
781
531
531
531
531
531
422
422
422
422
422
422
386
386
386
386
386
349
349
349
349
349
337
337
337
337
337
337
325
325
325
325
325
333
333
333
333
333
333
333
333
333
333
333
341
341
341
341
341
351
351
351
351
351
365
365
365
365
365
365
369
369
369
369
369
423
423
423
423
423
420
420
420
420
420
420
424
424
424
424
424
411
411
411
411
411
398
398
398
398
398
398
367
367
367
367
367
368
368
368
368
368
359
359
359
359
359
359
350
350
350
350
350
350
350
350
350
350
335
335
335
335
335
335
359
359
359
359
359
353
353
353
353
353
367
367
367
367
367
367
360
360
360
360
360
381
381
381
381
381
384
384
384
384
384
384
401
401
401
401
401
412
412
412
412
412
408
408
408
408
408
408
421
421
421
421
421
429
429
429
429
429
441
441
441
441
441
441
428
428
428
428
428
457
457
457
457
457
460
460
460
460
460
460
478
478
478
478
478
497
497
497
497
497
527
527
527
527
527
527
559
559
559
559
559
575
575
575
575
575
595
595
595
595
595
595
526
526
526
526
526
522
522
522
522
522
484
484
484
484
484
484
480
480
480
480
480
434
434
434
434
434
434
434
434
434
434
434
415
415
415
415
415
396
396
396
396
396
402
402
402
402
402
402
410
410
410
410
410
407
407
407
407
407
406
406
406
406
406
406
433
433
433
433
433
415
415
415
415
415
441
441
441
441
441
441
436
436
436
436
436
469
469
469
469
469
448
448
448
448
448
448
479
479
479
479
479
492
492
492
492
492
486
486
486
486
486
486
493
493
493
493
493
475
475
475
475
475
471
471
471
471
471
471
464
464
464
464
464
448
448
448
448
448
446
446
446
446
446
446
442
442
442
442
442
416
416
416
416
416
403
403
403
403
403
403
386
386
386
386
386
367
367
367
367
367
371
371
371
371
371
371
374
374
374
374
374
363
363
363
363
363
361
361
361
361
361
361
360
360
360
360
360
359
359
359
359
359
364
364
364
364
364
364
356
356
356
356
356
360
360
360
360
360
385
385
385
385
385
385
382
382
382
382
382
394
394
394
394
394
393
393
393
393
393
393
396
396
396
396
396
406
406
406
406
406
376
376
376
376
376
376
394
394
394
394
394
400
400
400
400
400
388
388
388
388
388
388
394
394
394
394
394
388
388
388
388
388
383
383
383
383
383
383
391
391
391
391
391
400
400
400
400
400
395
395
395
395
395
395
394
394
394
394
394
380
380
380
380
380
383
383
383
383
383
383
361
361
361
361
361
377
377
377
377
377
367
367
367
367
367
367
362
362
362
362
362
365
365
365
365
365
370
370
370
370
370
370
378
378
378
378
378
376
376
376
376
376
382
382
382
382
382
382
377
377
377
377
377
391
391
391
391
391
406
406
406
406
406
406
431
431
431
431
431
440
440
440
440
440
447
447
447
447
447
447
447
447
447
447
447
438
438
438
438
438
427
427
427
427
427
427
424
424
424
424
424
405
405
405
405
405
389
389
389
389
389
389
386
386
386
386
386
377
377
377
377
377
375
375
375
375
375
375
378
378
378
378
378
392
392
392
392
392
400
400
400
400
400
400
413
413
413
413
413
432
432
432
432
432
443
443
443
443
443
443
472
472
472
472
472
456
456
456
456
456
473
473
473
473
473
473
484
484
484
484
484
445
445
445
445
445
447
447
447
447
447
447
409
409
409
409
409
418
418
418
418
418
419
419
419
419
419
419
402
402
402
402
402
430
430
430
430
430
445
445
445
445
445
445
466
466
466
466
466
542
542
542
542
542
657
657
657
657
657
657
827
827
827
827
827
959
959
959
959
959
1040
1040
1040
1040
1040
1040
1060
1060
1060
1060
1060
1024
1024
1024
1024
1024
988
988
988
988
988
988
860
860
860
860
860
705
705
705
705
705
576
576
576
576
576
576
490
490
490
490
490
436
436
436
436
436
406
406
406
406
406
406
393
393
393
393
393
370
370
370
370
370
357
357
357
357
357
357
344
344
344
344
344
347
347
347
347
347
351
351
351
351
351
351
349
349
349
349
349
344
344
344
344
344
357
357
357
357
357
357
354
354
354
354
354
385
385
385
385
385
400
400
400
400
400
400
416
416
416
416
416
425
425
425
425
425
424
424
424
424
424
424
437
437
437
437
437
440
440
440
440
440
440
440
440
440
440
440
426
426
426
426
426
399
399
399
399
399
403
403
403
403
403
403
391
391
391
391
391
407
407
407
407
407
394
394
394
394
394
394
405
405
405
405
405
394
394
394
394
394
405
405
405
405
405
405
420
420
420
420
420
401
401
401
401
401
425
425
425
425
425
425
418
418
418
418
418
390
390
390
390
390
411
411
411
411
411
411
411
411
411
411
411
403
403
403
403
403
405
405
405
405
405
405
393
393
393
393
393
378
378
378
378
378
380
380
380
380
380
380
383
383
383
383
383
392
392
392
392
392
394
394
394
394
394
394
393
393
393
393
393
394
394
394
394
394
402
402
402
402
402
402
409
409
409
409
409
411
411
411
411
411
408
408
408
408
408
408
399
399
399
399
399
389
389
389
389
389
400
400
400
400
400
400
393
393
393
393
393
400
400
400
400
400
421
421
421
421
421
421
433
433
433
433
433
455
455
455
455
455
482
482
482
482
482
482
496
496
496
496
496
507
507
507
507
507
510
510
510
510
510
510
506
506
506
506
506
488
488
488
488
488
494
494
494
494
494
494
473
473
473
473
473
470
470
470
470
470
474
474
474
474
474
474
484
484
484
484
484
482
482
482
482
482
499
499
499
499
499
499
488
488
488
488
488
498
498
498
498
498
479
479
479
479
479
479
486
486
486
486
486
465
465
465
465
465
475
475
475
475
475
475
456
456
456
456
456
429
429
429
429
429
432
432
432
432
432
432
443
443
443
443
443
442
442
442
442
442
431
431
431
431
431
431
443
443
443
443
443
423
423
423
423
423
422
422
422
422
422
422
432
432
432
432
432
396
396
396
396
396
381
381
381
381
381
381
385
385
385
385
385
365
365
365
365
365
377
377
377
377
377
377
372
372
372
372
372
377
377
377
377
377
370
370
370
370
370
370
383
383
383
383
383
383
383
383
383
383
374
374
374
374
374
374
382
382
382
382
382
386
386
386
386
386
376
376
376
376
376
376
376
376
376
376
376
372
372
372
372
372
377
377
377
377
377
377
377
377
377
377
377
381
381
381
381
381
392
392
392
392
392
392
393
393
393
393
393
417
417
417
417
417
409
409
409
409
409
409
420
420
420
420
420
426
426
426
426
426
416
416
416
416
416
416
415
415
415
415
415
416
416
416
416
416
406
406
406
406
406
406
398
398
398
398
398
394
394
394
394
394
409
409
409
409
409
409
404
404
404
404
404
402
402
402
402
402
407
407
407
407
407
407
402
402
402
402
402
401
401
401
401
401
399
399
399
399
399
399
393
393
393
393
393
384
384
384
384
384
382
382
382
382
382
382
392
392
392
392
392
392
392
392
392
392
405
405
405
405
405
405
436
436
436
436
436
440
440
440
440
440
449
449
449
449
449
449
463
463
463
463
463
492
492
492
492
492
500
500
500
500
500
500
484
484
484
484
484
462
462
462
462
462
460
460
460
460
460
460
453
453
453
453
453
439
439
439
439
439
426
426
426
426
426
426
416
416
416
416
416
415
415
415
415
415
393
393
393
393
393
393
395
395
395
395
395
387
387
387
387
387
371
371
371
371
371
371
382
382
382
382
382
376
376
376
376
376
374
374
374
374
374
374
392
392
392
392
392
379
379
379
379
379
410
410
410
410
410
410
403
403
403
403
403
418
418
418
418
418
432
432
432
432
432
432
433
433
433
433
433
445
445
445
445
445
429
429
429
429
429
429
434
434
434
434
434
406
406
406
406
406
391
391
391
391
391
391
393
393
393
393
393
376
376
376
376
376
375
375
375
375
375
375
387
387
387
387
387
387
387
387
387
387
402
402
402
402
402
402
391
391
391
391
391
423
423
423
423
423
425
425
425
425
425
425
430
430
430
430
430
436
436
436
436
436
407
407
407
407
407
407
412
412
412
412
412
416
416
416
416
416
404
404
404
404
404
404
396
396
396
396
396
392
392
392
392
392
393
393
393
393
393
393
403
403
403
403
403
392
392
392
392
392
391
391
391
391
391
391
383
383
383
383
383
400
400
400
400
400
411
411
411
411
411
411
401
401
401
401
401
389
389
389
389
389
410
410
410
410
410
410
383
383
383
383
383
388
388
388
388
388
390
390
390
390
390
390
393
393
393
393
393
391
391
391
391
391
393
393
393
393
393
393
401
401
401
401
401
405
405
405
405
405
400
400
400
400
400
400
409
409
409
409
409
408
408
408
408
408
412
412
412
412
412
412
407
407
407
407
407
420
420
420
420
420
408
408
408
408
408
408
413
413
413
413
413
405
405
405
405
405
388
388
388
388
388
388
386
386
386
386
386
388
388
388
388
388
393
393
393
393
393
393
397
397
397
397
397
399
399
399
399
399
403
403
403
403
403
403
427
427
427
427
427
436
436
436
436
436
450
450
450
450
450
450
474
474
474
474
474
473
473
473
473
473
478
478
478
478
478
478
470
470
470
470
470
464
464
464
464
464
448
448
448
448
448
448
421
421
421
421
421
424
424
424
424
424
407
407
407
407
407
407
413
413
413
413
413
394
394
394
394
394
408
408
408
408
408
408
409
409
409
409
409
421
421
421
421
421
443
443
443
443
443
443
448
448
448
448
448
459
459
459
459
459
473
473
473
473
473
473
472
472
472
472
472
462
462
462
462
462
460
460
460
460
460
460
439
439
439
439
439
433
433
433
433
433
425
425
425
425
425
425
410
410
410
410
410
421
421
421
421
421
418
418
418
418
418
418
416
416
416
416
416
414
414
414
414
414
419
419
419
419
419
419
431
431
431
431
431
429
429
429
429
429
449
449
449
449
449
449
437
437
437
437
437
433
433
433
433
433
459
459
459
459
459
459
462
462
462
462
462
448
448
448
448
448
466
466
466
466
466
466
449
449
449
449
449
461
461
461
461
461
472
472
472
472
472
472
462
462
462
462
462
453
453
453
453
453
466
466
466
466
466
466
459
459
459
459
459
421
421
421
421
421
430
430
430
430
430
430
413
413
413
413
413
392
392
392
392
392
400
400
400
400
400
400
373
373
373
373
373
390
390
390
390
390
380
380
380
380
380
380
386
386
386
386
386
381
381
381
381
381
384
384
384
384
384
384
388
388
388
388
388
387
387
387
387
387
385
385
385
385
385
385
391
391
391
391
391
374
374
374
374
374
383
383
383
383
383
383
387
387
387
387
387
382
382
382
382
382
382
382
382
382
382
382
393
393
393
393
393
399
399
399
399
399
391
391
391
391
391
391
418
418
418
418
418
408
408
408
408
408
419
419
419
419
419
419
411
411
411
411
411
390
390
390
390
390
390
390
390
390
390
390
377
377
377
377
377
391
391
391
391
391
393
393
393
393
393
393
403
403
403
403
403
412
412
412
412
412
409
409
409
409
409
409
424
424
424
424
424
425
425
425
425
425
421
421
421
421
421
421
429
429
429
429
429
431
431
431
431
431
418
418
418
418
418
418
420
420
420
420
420
426
426
426
426
426
413
413
413
413
413
413
411
411
411
411
411
404
404
404
404
404
400
400
400
400
400
400
401
401
401
401
401
410
410
410
410
410
404
404
404
404
404
404
409
409
409
409
409
396
396
396
396
396
427
427
427
427
427
427
458
458
458
458
458
450
450
450
450
450
474
474
474
474
474
474
479
479
479
479
479
481
481
481
481
481
490
490
490
490
490
490
449
449
449
449
449
461
461
461
461
461
433
433
433
433
433
433
432
432
432
432
432
413
413
413
413
413
428
428
428
428
428
428
392
392
392
392
392
412
412
412
412
412
414
414
414
414
414
414
417
417
417
417
417
423
423
423
423
423
449
449
449
449
449
449
439
439
439
439
439
435
435
435
435
435
465
465
465
465
465
465
478
478
478
478
478
454
454
454
454
454
464
464
464
464
464
464
455
455
455
455
455
431
431
431
431
431
426
426
426
426
426
426
437
437
437
437
437
437
437
437
437
437
442
442
442
442
442
442
454
454
454
454
454
437
437
437
437
437
438
438
438
438
438
438
452
452
452
452
452
423
423
423
423
423
420
420
420
420
420
420
416
416
416
416
416
401
401
401
401
401
390
390
390
390
390
390
397
397
397
397
397
392
392
392
392
392
373
373
373
373
373
373
386
386
386
386
386
374
374
374
374
374
385
385
385
385
385
385
381
381
381
381
381
382
382
382
382
382
384
384
384
384
384
384
378
378
378
378
378
369
369
369
369
369
370
370
370
370
370
370
370
370
370
370
370
360
360
360
360
360
385
385
385
385
385
385
371
371
371
371
371
382
382
382
382
382
370
370
370
370
370
370
383
383
383
383
383
408
408
408
408
408
395
395
395
395
395
395
405
405
405
405
405
397
397
397
397
397
400
400
400
400
400
400
408
408
408
408
408
404
404
404
404
404
411
411
411
411
411
411
407
407
407
407
407
400
400
400
400
400
389
389
389
389
389
389
396
396
396
396
396
392
392
392
392
392
381
381
381
381
381
381
390
390
390
390
390
374
374
374
374
374
373
373
373
373
373
373
386
386
386
386
386
391
391
391
391
391
381
381
381
381
381
381
399
399
399
399
399
390
390
390
390
390
403
403
403
403
403
403
405
405
405
405
405
421
421
421
421
421
420
420
420
420
420
420
427
427
427
427
424
424
424
424
424
417
417
417
417
417
417
410
410
410
410
410
415
415
415
415
415
423
423
423
423
423
423
418
418
418
418
418
406
406
406
406
406
409
409
409
409
409
409
412
412
412
412
412
403
403
403
403
403
430
430
430
430
430
430
401
401
401
401
401
425
425
425
425
425
418
418
418
418
418
418
413
413
413
413
413
426
426
426
426
426
428
428
428
428
428
428
447
447
447
447
447
449
449
449
449
449
435
435
435
435
435
435
459
459
459
459
459
449
449
449
449
449
450
450
450
450
450
450
461
461
461
461
461
463
463
463
463
463
460
460
460
460
460
460
446
446
446
446
446
444
444
444
444
444
434
434
434
434
434
434
434
434
434
434
434
435
435
435
435
435
416
416
416
416
416
416
416
416
416
416
416
419
419
419
419
419
419
419
419
419
419
419
416
416
416
416
416
434
434
434
434
434
421
421
421
421
421
421
422
422
422
422
422
426
426
426
426
426
421
421
421
421
421
421
411
411
411
411
411
430
430
430
430
430
419
419
419
419
419
419
427
427
427
427
427
429
429
429
429
429
434
434
434
434
434
434
434
434
434
434
434
438
438
438
438
438
433
433
433
433
433
433
420
420
420
420
420
413
413
413
413
413
404
404
404
404
404
404
413
413
413
413
413
398
398
398
398
398
390
390
390
390
390
390
386
386
386
386
386
378
378
378
378
378
385
385
385
385
385
385
383
383
383
383
383
390
390
390
390
390
397
397
397
397
397
397
401
401
401
401
401
403
403
403
403
403
405
405
405
405
405
405
414
414
414
414
414
416
416
416
416
416
433
433
433
433
433
433
411
411
411
411
411
434
434
434
434
434
428
428
428
428
428
428
417
417
417
417
417
407
407
407
407
407
425
425
425
425
425
425
409
409
409
409
409
396
396
396
396
396
405
405
405
405
405
405
410
410
410
410
410
413
413
413
413
413
413
413
413
413
413
413
414
414
414
414
414
420
420
420
420
420
414
414
414
414
414
414
429
429
429
429
429
419
419
419
419
419
416
416
416
416
416
416
422
422
422
422
422
419
419
419
419
419
414
414
414
414
414
414
411
411
411
411
411
415
415
415
415
415
419
419
419
419
419
419
427
427
427
427
427
424
424
424
424
424
419
419
419
419
419
419
414
414
414
414
414
439
439
439
439