996
996
996
996
996
1076
1076
1076
1076
1076
1076
1192
1192
1192
1192
1192
1332
1332
1332
1332
1332
1450
1450
1450
1450
1450
1450
1555
1555
1555
1555
1555
1603
1603
1603
1603
1603
1601
1601
1601
1601
1601
1601
1544
1544
1544
1544
1544
1426
1426
1426
1426
1426
1279
1279
1279
1279
1279
1279
1130
1130
1130
1130
1130
981
981
981
981
981
861
861
861
861
861
861
793
793
793
793
793
745
745
745
745
745
738
738
738
738
738
738
769
769
769
769
769
789
789
789
789
789
825
825
825
825
825
825
850
850
850
850
850
847
847
847
847
847
848
848
848
848
848
848
843
843
843
843
843
844
844
844
844
844
854
854
854
854
854
854
885
885
885
885
885
924
924
924
924
924
972
972
972
972
972
972
1030
1030
1030
1030
1030
1091
1091
1091
1091
1091
1128
1128
1128
1128
1128
1128
1157
1157
1157
1157
1157
1158
1158
1158
1158
1158
1134
1134
1134
1134
1134
1134
1066
1066
1066
1066
1066
976
976
976
976
976
873
873
873
873
873
873
754
754
754
754
754
677
677
677
677
677
598
598
598
598
598
598
572
572
572
572
572
571
571
571
571
571
597
597
597
597
597
597
656
656
656
656
656
729
729
729
729
729
821
821
821
821
821
821
904
904
904
904
904
978
978
978
978
978
1036
1036
1036
1036
1036
1036
1052
1052
1052
1052
1052
1038
1038
1038
1038
1038
1011
1011
1011
1011
1011
1011
962
962
962
962
962
905
905
905
905
905
862
862
862
862
862
862
834
834
834
834
834
836
836
836
836
836
889
889
889
889
889
889
954
954
954
954
954
1048
1048
1048
1048
1048
1160
1160
1160
1160
1160
1160
1242
1242
1242
1242
1242
1312
1312
1312
1312
1312
1312
1312
1312
1312
1312
1312
1315
1315
1315
1315
1315
1240
1240
1240
1240
1240
1169
1169
1169
1169
1169
1169
1061
1061
1061
1061
1061
969
969
969
969
969
900
900
900
900
900
900
857
857
857
857
857
855
855
855
855
855
872
872
872
872
872
872
927
927
927
927
927
993
993
993
993
993
1083
1083
1083
1083
1083
1083
1152
1152
1152
1152
1152
1213
1213
1213
1213
1213
1234
1234
1234
1234
1234
1234
1199
1199
1199
1199
1199
1130
1130
1130
1130
1130
1046
1046
1046
1046
1046
1046
924
924
924
924
924
827
827
827
827
827
745
745
745
745
745
745
691
691
691
691
691
667
667
667
667
667
679
679
679
679
679
679
705
705
705
705
705
749
749
749
749
749
795
795
795
795
795
795
835
835
835
835
835
866
866
866
866
866
881
881
881
881
881
881
895
895
895
895
895
891
891
891
891
891
883
883
883
883
883
883
890
890
890
890
890
889
889
889
889
889
889
889
889
889
889
889
891
891
891
891
891
895
895
895
895
895
909
909
909
909
909
909
917
917
917
917
917
912
912
912
912
912
890
890
890
890
890
890
883
883
883
883
883
865
865
865
865
865
876
876
876
876
876
876
889
889
889
889
889
920
920
920
920
920
960
960
960
960
960
960
1015
1015
1015
1015
1015
1090
1090
1090
1090
1090
1157
1157
1157
1157
1157
1157
1215
1215
1215
1215
1215
1267
1267
1267
1267
1267
1278
1278
1278
1278
1278
1278
1262
1262
1262
1262
1262
1235
1235
1235
1235
1235
1159
1159
1159
1159
1159
1159
1053
1053
1053
1053
1053
957
957
957
957
957
853
853
853
853
853
853
789
789
789
789
789
727
727
727
727
727
725
725
725
725
725
725
745
745
745
745
745
779
779
779
779
779
854
854
854
854
854
854
921
921
921
921
976
976
976
976
976
1019
1019
1019
1019
1019
1019
1041
1041
1041
1041
1041
1040
1040
1040
1040
1040
1028
1028
1028
1028
1028
1028
998
998
998
998
998
989
989
989
989
989
991
991
991
991
991
991
985
985
985
985
985
981
981
981
981
981
1001
1001
1001
1001
1001
1001
1021
1021
1021
1021
1021
1048
1048
1048
1048
1048
1072
1072
1072
1072
1072
1072
1077
1077
1077
1077
1077
1091
1091
1091
1091
1091
1075
1075
1075
1075
1075
1075
1043
1043
1043
1043
1043
1001
1001
1001
1001
1001
963
963
963
963
963
963
926
926
926
926
926
892
892
892
892
892
871
871
871
871
871
871
872
872
872
872
872
882
882
882
882
882
903
903
903
903
903
903
921
921
921
921
921
941
941
941
941
941
955
955
955
955
955
955
962
962
962
962
962
962
962
962
962
962
931
931
931
931
931
931
905
905
905
905
905
893
893
893
893
893
890
890
890
890
890
890
876
876
876
876
876
888
888
888
888
888
903
903
903
903
903
903
916
916
916
916
916
925
925
925
925
925
913
913
913
913
913
913
927
927
927
927
927
924
924
924
924
924
935
935
935
935
935
935
932
932
932
932
932
956
956
956
956
956
967
967
967
967
967
967
982
982
982
982
982
1009
1009
1009
1009
1009
1026
1026
1026
1026
1026
1026
1030
1030
1030
1030
1030
1036
1036
1036
1036
1036
1027
1027
1027
1027
1027
1027
1009
1009
1009
1009
1009
990
990
990
990
990
959
959
959
959
959
959
920
920
920
920
920
884
884
884
884
884
869
869
869
869
869
869
854
854
854
854
854
853
853
853
853
853
869
869
869
869
869
869
903
903
903
903
903
935
935
935
935
935
979
979
979
979
979
979
1032
1032
1032
1032
1032
1078
1078
1078
1078
1078
1129
1129
1129
1129
1129
1129
1168
1168
1168
1168
1168
1219
1219
1219
1219
1219
1233
1233
1233
1233
1233
1233
1256
1256
1256
1256
1256
1241
1241
1241
1241
1241
1221
1221
1221
1221
1221
1221
1176
1176
1176
1176
1176
1107
1107
1107
1107
1107
1037
1037
1037
1037
1037
1037
957
957
957
957
957
896
896
896
896
896
842
842
842
842
842
842
828
828
828
828
828
826
826
826
826
826
836
836
836
836
836
836
854
854
854
854
854
871
871
871
871
871
885
885
885
885
885
885
890
890
890
890
890
892
892
892
892
892
872
872
872
872
872
872
848
848
848
848
848
822
822
822
822
822
815
815
815
815
815
815
817
817
817
817
817
833
833
833
833
833
861
861
861
861
861
861
918
918
918
918
918
971
971
971
971
971
1006
1006
1006
1006
1006
1006
1056
1056
1056
1056
1056
1094
1094
1094
1094
1094
1111
1111
1111
1111
1111
1111
1123
1123
1123
1123
1123
1125
1125
1125
1125
1125
1112
1112
1112
1112
1112
1112
1104
1104
1104
1104
1104
1092
1092
1092
1092
1092
1089
1089
1089
1089
1089
1089
1066
1066
1066
1066
1066
1034
1034
1034
1034
1034
1010
1010
1010
1010
1010
1010
987
987
987
987
987
952
952
952
952
952
928
928
928
928
928
928
897
897
897
897
897
889
889
889
889
889
864
864
864
864
864
864
886
886
886
886
886
880
880
880
880
880
899
899
899
899
899
899
931
931
931
931
931
933
933
933
933
933
967
967
967
967
967
967
992
992
992
992
992
1020
1020
1020
1020
1020
1038
1038
1038
1038
1038
1038
1055
1055
1055
1055
1055
1065
1065
1065
1065
1065
1068
1068
1068
1068
1068
1068
1067
1067
1067
1067
1067
1064
1064
1064
1064
1064
1053
1053
1053
1053
1053
1053
1041
1041
1041
1041
1041
1031
1031
1031
1031
1031
1018
1018
1018
1018
1018
1018
991
991
991
991
991
963
963
963
963
963
929
929
929
929
929
929
899
899
899
899
899
841
841
841
841
841
811
811
811
811
811
811
788
788
788
788
788
777
777
777
777
777
770
770
770
770
770
770
802
802
802
802
802
842
842
842
842
842
890
890
890
890
890
890
953
953
953
953
953
1007
1007
1007
1007
1007
1048
1048
1048
1048
1048
1048
1086
1086
1086
1086
1086
1086
1086
1086
1086
1086
1073
1073
1073
1073
1073
1073
1036
1036
1036
1036
1036
990
990
990
990
990
938
938
938
938
938
938
901
901
901
901
901
871
871
871
871
871
847
847
847
847
847
847
852
852
852
852
852
876
876
876
876
876
913
913
913
913
913
913
940
940
940
940
940
973
973
973
973
973
1006
1006
1006
1006
1006
1006
997
997
997
997
997
1009
1009
1009
1009
1009
983
983
983
983
983
983
957
957
957
957
957
917
917
917
917
917
890
890
890
890
890
890
851
851
851
851
851
828
828
828
828
828
798
798
798
798
798
798
785
785
785
785
785
774
774
774
774
774
779
779
779
779
779
779
795
795
795
795
795
802
802
802
802
802
826
826
826
826
826
826
854
854
854
854
854
855
855
855
855
855
871
871
871
871
871
871
873
873
873
873
873
886
886
886
886
886
879
879
879
879
879
879
888
888
888
888
888
881
881
881
881
881
886
886
886
886
886
886
901
901
901
901
901
907
907
907
907
907
921
921
921
921
921
921
941
941
941
941
941
950
950
950
950
950
949
949
949
949
949
949
963
963
963
963
963
958
958
958
958
958
954
954
954
954
954
954
924
924
924
924
924
902
902
902
902
902
875
875
875
875
875
875
855
855
855
855
855
861
861
861
861
861
857
857
857
857
857
857
886
886
886
886
886
925
925
925
925
925
962
962
962
962
962
962
1001
1001
1001
1001
1001
1040
1040
1040
1040
1040
1076
1076
1076
1076
1076
1076
1118
1118
1118
1118
1118
1138
1138
1138
1138
1138
1141
1141
1141
1141
1141
1141
1133
1133
1133
1133
1133
1099
1099
1099
1099
1099
1095
1095
1095
1095
1095
1095
1071
1071
1071
1071
1071
1034
1034
1034
1034
1034
1001
1001
1001
1001
1001
1001
970
970
970
970
970
960
960
960
960
960
955
955
955
955
955
955
960
960
960
960
960
980
980
980
980
980
1011
1011
1011
1011
1011
1011
1036
1036
1036
1036
1036
1057
1057
1057
1057
1057
1067
1067
1067
1067
1067
1067
1066
1066
1066
1066
1066
1050
1050
1050
1050
1050
1022
1022
1022
1022
1022
1022
994
994
994
994
994
959
959
959
959
959
922
922
922
922
922
922
914
914
914
914
914
910
910
910
910
910
932
932
932
932
932
932
958
958
958
958
958
989
989
989
989
989
995
995
995
995
995
995
1039
1039
1039
1039
1039
1053
1053
1053
1053
1053
1063
1063
1063
1063
1063
1063
1065
1065
1065
1065
1065
1060
1060
1060
1060
1060
1058
1058
1058
1058
1058
1058
1056
1056
1056
1056
1056
1044
1044
1044
1044
1044
1029
1029
1029
1029
1029
1029
1038
1038
1038
1038
1038
1021
1021
1021
1021
1021
1024
1024
1024
1024
1024
1024
1017
1017
1017
1017
1017
1007
1007
1007
1007
1007
995
995
995
995
995
995
971
971
971
971
971
959
959
959
959
959
944
944
944
944
944
944
933
933
933
933
933
932
932
932
932
932
924
924
924
924
924
924
917
917
917
917
917
919
919
919
919
919
920
920
920
920
920
920
912
912
912
912
912
905
905
905
905
905
899
899
899
899
899
899
887
887
887
887
887
869
869
869
869
869
875
875
875
875
875
875
876
876
876
876
876
882
882
882
882
882
904
904
904
904
904
904
923
923
923
923
923
950
950
950
950
950
971
971
971
971
971
971
1000
1000
1000
1000
1000
1030
1030
1030
1030
1030
1021
1021
1021
1021
1021
1021
1027
1027
1027
1027
1027
1013
1013
1013
1013
1013
1001
1001
1001
1001
1001
1001
967
967
967
967
967
959
959
959
959
959
932
932
932
932
932
932
913
913
913
913
913
902
902
902
902
902
918
918
918
918
918
918
923
923
923
923
923
938
938
938
938
938
955
955
955
955
955
955
978
978
978
978
978
977
977
977
977
977
983
983
983
983
983
983
977
977
977
977
977
958
958
958
958
958
926
926
926
926
926
926
902
902
902
902
902
879
879
879
879
879
851
851
851
851
851
851
832
832
832
832
832
827
827
827
827
827
848
848
848
848
848
848
861
861
861
861
861
886
886
886
886
886
911
911
911
911
911
911
943
943
943
943
943
954
954
954
954
954
980
980
980
980
980
980
996
996
996
996
996
997
997
997
997
997
1008
1008
1008
1008
1008
1008
1012
1012
1012
1012
1012
1006
1006
1006
1006
1006
1018
1018
1018
1018
1018
1018
1013
1013
1013
1013
1013
1011
1011
1011
1011
1011
1009
1009
1009
1009
1009
1009
1017
1017
1017
1017
1017
992
992
992
992
992
990
990
990
990
990
990
986
986
986
986
986
974
974
974
974
974
970
970
970
970
970
970
973
973
973
973
973
984
984
984
984
984
980
980
980
980
980
980
988
988
988
988
988
997
997
997
997
997
1005
1005
1005
1005
1005
1005
1031
1031
1031
1031
1031
1048
1048
1048
1048
1048
1052
1052
1052
1052
1052
1052
1082
1082
1082
1082
1082
1088
1088
1088
1088
1088
1086
1086
1086
1086
1086
1086
1102
1102
1102
1102
1102
1108
1108
1108
1108
1108
1086
1086
1086
1086
1086
1086
1065
1065
1065
1065
1065
1037
1037
1037
1037
1037
1008
1008
1008
1008
1008
1008
975
975
975
975
975
953
953
953
953
953
928
928
928
928
928
928
914
914
914
914
914
902
902
902
902
902
893
893
893
893
893
893
890
890
890
890
890
898
898
898
898
898
902
902
902
902
902
902
897
897
897
897
897
900
900
900
900
900
896
896
896
896
896
896
889
889
889
889
889
893
893
893
893
893
891
891
891
891
891
891
900
900
900
900
900
906
906
906
906
906
916
916
916
916
916
916
928
928
928
928
928
940
940
940
940
940
941
941
941
941
941
941
941
941
941
941
941
929
929
929
929
929
938
938
938
938
938
938
939
939
939
939
939
947
947
947
947
947
965
965
965
965
965
965
989
989
989
989
989
1014
1014
1014
1014
1014
1047
1047
1047
1047
1047
1047
1064
1064
1064
1064
1064
1083
1083
1083
1083
1083
1081
1081
1081
1081
1081
1081
1082
1082
1082
1082
1082
1062
1062
1062
1062
1062
1057
1057
1057
1057
1057
1057
1036
1036
1036
1036
1036
1017
1017
1017
1017
1017
996
996
996
996
996
996
973
973
973
973
973
958
958
958
958
958
942
942
942
942
942
942
939
939
939
939
939
927
927
927
927
927
907
907
907
907
907
907
910
910
910
910
910
900
900
900
900
900
909
909
909
909
909
909
906
906
906
906
906
914
914
914
914
914
929
929
929
929
929
929
943
943
943
943
943
947
947
947
947
947
953
953
953
953
953
953
958
958
958
958
958
961
961
961
961
961
981
981
981
981
981
981
985
985
985
985
985
995
995
995
995
995
1000
1000
1000
1000
1000
1000
1009
1009
1009
1009
1009
1005
1005
1005
1005
1005
1014
1014
1014
1014
1014
1014
1019
1019
1019
1019
1019
1019
1019
1019
1019
1019
1028
1028
1028
1028
1028
1028
1036
1036
1036
1036
1036
1048
1048
1048
1048
1048
1062
1062
1062
1062
1062
1062
1058
1058
1058
1058
1058
1073
1073
1073
1073
1073
1067
1067
1067
1067
1067
1067
1072
1072
1072
1072
1072
1063
1063
1063
1063
1063
1058
1058
1058
1058
1058
1058
1040
1040
1040
1040
1040
1025
1025
1025
1025
1025
1009
1009
1009
1009
1009
1009
999
999
999
999
999
984
984
984
984
984
966
966
966
966
966
966
959
959
959
959
959
941
941
941
941
941
934
934
934
934
934
934
938
938
938
938
938
920
920
920
920
920
916
916
916
916
916
916
902
902
902
902
902
898
898
898
898
898
885
885
885
885
885
885
879
879
879
879
879
876
876
876
876
876
884
884
884
884
884
884
906
906
906
906
906
933
933
933
933
933
969
969
969
969
969
969
998
998
998
998
998
1015
1015
1015
1015
1015
1033
1033
1033
1033
1033
1033
1036
1036
1036
1036
1036
1037
1037
1037
1037
1037
1026
1026
1026
1026
1026
1026
1014
1014
1014
1014
1014
987
987
987
987
987
978
978
978
978
978
978
945
945
945
945
945
940
940
940
940
940
932
932
932
932
932
932
918
918
918
918
918
919
919
919
919
919
921
921
921
921
921
921
927
927
927
927
927
922
922
922
922
922
937
937
937
937
937
937
936
936
936
936
936
959
959
959
959
959
974
974
974
974
974
974
989
989
989
989
989
1012
1012
1012
1012
1012
1025
1025
1025
1025
1025
1025
1039
1039
1039
1039
1039
1038
1038
1038
1038
1038
1035
1035
1035
1035
1035
1035
1023
1023
1023
1023
1023
1014
1014
1014
1014
1014
986
986
986
986
986
986
966
966
966
966
966
928
928
928
928
928
906
906
906
906
906
906
877
877
877
877
877
851
851
851
851
851
844
844
844
844
844
844
836
836
836
836
836
839
839
839
839
839
838
838
838
838
838
838
844
844
844
844
844
858
858
858
858
858
852
852
852
852
852
852
854
854
854
854
854
844
844
844
844
844
822
822
822
822
822
822
804
804
804
804
804
798
798
798
798
798
780
780
780
780
780
780
776
776
776
776
776
783
783
783
783
783
783
783
783
783
783
783
802
802
802
802
802
819
819
819
819
819
844
844
844
844
844
844
860
860
860
860
860
873
873
873
873
873
895
895
895
895
895
895
906
906
906
906
906
908
908
908
908
908
913
913
913
913
913
913
910
910
910
910
910
901
901
901
901
901
905
905
905
905
905
905
893
893
893
893
893
895
895
895
895
895
899
899
899
899
899
899
897
897
897
897
897
897
897
897
897
897
891
891
891
891
891
891
885
885
885
885
885
885
885
885
885
885
891
891
891
891
891
891
901
901
901
901
901
915
915
915
915
915
932
932
932
932
932
932
962
962
962
962
962
993
993
993
993
993
1010
1010
1010
1010
1010
1010
1055
1055
1055
1055
1055
1084
1084
1084
1084
1084
1114
1114
1114
1114
1114
1114
1142
1142
1142
1142
1142
1161
1161
1161
1161
1161
1163
1163
1163
1163
1163
1163
1166
1166
1166
1166
1166
1154
1154
1154
1154
1154
1135
1135
1135
1135
1135
1135
1112
1112
1112
1112
1112
1085
1085
1085
1085
1085
1052
1052
1052
1052
1052
1052
1024
1024
1024
1024
1024
1005
1005
1005
1005
1005
997
997
997
997
997
997
1008
1008
1008
1008
1008
997
997
997
997
997
1016
1016
1016
1016
1016
1016
1037
1037
1037
1037
1037
1045
1045
1045
1045
1045
1040
1040
1040
1040
1040
1040
1044
1044
1044
1044
1044
1023
1023
1023
1023
1023
1003
1003
1003
1003
1003
1003
982
982
982
982
982
934
934
934
934
934
905
905
905
905
905
905
855
855
855
855
855
823
823
823
823
823
802
802
802
802
802
802
790
790
790
790
790
787
787
787
787
787
801
801
801
801
801
801
817
817
817
817
817
845
845
845
845
845
874
874
874
874
874
874
895
895
895
895
895
907
907
907
907
907
913
913
913
913
913
913
893
893
893
893
893
884
884
884
884
884
845
845
845
845
845
845
822
822
822
822
822
787
787
787
787
787
759
759
759
759
759
759
743
743
743
743
743
727
727
727
727
727
728
728
728
728
728
728
716
716
716
716
716
721
721
721
721
721
721
721
721
721
721
721
729
729
729
729
729
730
730
730
730
730
739
739
739
739
739
739
730
730
730
730
730
735
735
735
735
735
744
744
744
744
744
744
725
725
725
725
725
719
719
719
719
719
730
730
730
730
730
730
749
749
749
749
749
772
772
772
772
772
807
807
807
807
807
807
843
843
843
843
843
889
889
889
889
889
936
936
936
936
936
936
981
981
981
981
981
1023
1023
1023
1023
1023
1050
1050
1050
1050
1050
1050
1061
1061
1061
1061
1061
1067
1067
1067
1067
1067
1056
1056
1056
1056
1056
1056
1052
1052
1052
1052
1052
1042
1042
1042
1042
1042
1031
1031
1031
1031
1031
1031
1029
1029
1029
1029
1029
1021
1021
1021
1021
1021
1033
1033
1033
1033
1033
1033
1030
1030
1030
1030
1030
1040
1040
1040
1040
1040
1057
1057
1057
1057
1057
1057
1055
1055
1055
1055
1055
1054
1054
1054
1054
1054
1045
1045
1045
1045
1045
1045
1050
1050
1050
1050
1050
1041
1041
1041
1041
1041
1052
1052
1052
1052
1052
1052
1056
1056
1056
1056
1056
1059
1059
1059
1059
1059
1084
1084
1084
1084
1084
1084
1122
1122
1122
1122
1122
1151
1151
1151
1151
1151
1198
1198
1198
1198
1198
1198
1253
1253
1253
1253
1253
1295
1295
1295
1295
1295
1330
1330
1330
1330
1330
1330
1357
1357
1357
1357
1357
1384
1384
1384
1384
1384
1389
1389
1389
1389
1389
1389
1385
1385
1385
1385
1385
1370
1370
1370
1370
1370
1362
1362
1362
1362
1362
1362
1320
1320
1320
1320
1320
1277
1277
1277
1277
1277
1234
1234
1234
1234
1234
1234
1176
1176
1176
1176
1176
1114
1114
1114
1114
1114
1058
1058
1058
1058
1058
1058
994
994
994
994
994
922
922
922
922
922
871
871
871
871
871
871
790
790
790
790
790
724
724
724
724
724
681
681
681
681
681
681
636
636
636
636
636
634
634
634
634
634
632
632
632
632
632
632
646
646
646
646
646
682
682
682
682
682
725
725
725
725
725
725
757
757
757
757
757
802
802
802
802
802
838
838
838
838
838
838
869
869
869
869
869
895
895
895
895
895
902
902
902
902
902
902
915
915
915
915
915
925
925
925
925
941
941
941
941
941
941
941
941
941
941
941
972
972
972
972
972
985
985
985
985
985
985
989
989
989
989
989
989
989
989
989
989
1008
1008
1008
1008
1008
1008
1002
1002
1002
1002
1002
1013
1013
1013
1013
1013
1018
1018
1018
1018
1018
1018
1015
1015
1015
1015
1015
993
993
993
993
993
987
987
987
987
987
987
981
981
981
981
981
949
949
949
949
949
923
923
923
923
923
923
905
905
905
905
905
894
894
894
894
894
897
897
897
897
897
897
895
895
895
895
895
893
893
893
893
893
909
909
909
909
909
909
925
925
925
925
925
934
934
934
934
934
925
925
925
925
925
925
959
959
959
959
959
979
979
979
979
979
969
969
969
969
969
969
980
980
980
980
980
972
972
972
972
972
979
979
979
979
979
979
977
977
977
977
977
988
988
988
988
988
997
997
997
997
997
997
1014
1014
1014
1014
1014
1037
1037
1037
1037
1037
1059
1059
1059
1059
1059
1059
1086
1086
1086
1086
1086
1113
1113
1113
1113
1113
1138
1138
1138
1138
1138
1138
1154
1154
1154
1154
1154
1185
1185
1185
1185
1185
1204
1204
1204
1204
1204
1204
1227
1227
1227
1227
1227
1237
1237
1237
1237
1237
1245
1245
1245
1245
1245
1245
1238
1238
1238
1238
1238
1237
1237
1237
1237
1237
1227
1227
1227
1227
1227
1227
1205
1205
1205
1205
1205
1190
1190
1190
1190
1190
1171
1171
1171
1171
1171
1171
1148
1148
1148
1148
1148
1102
1102
1102
1102
1102
1059
1059
1059
1059
1059
1059
1022
1022
1022
1022
1022
979
979
979
979
979
954
954
954
954
954
954
939
939
939
939
939
918
918
918
918
918
903
903
903
903
903
903
911
911
911
911
911
905
905
905
905
905
916
916
916
916
916
916
915
915
915
915
915
901
901
901
901
901
894
894
894
894
894
894
880
880
880
880
880
870
870
870
870
870
868
868
868
868
868
868
841
841
841
841
841
842
842
842
842
842
824
824
824
824
824
824
827
827
827
827
827
820
820
820
820
820
833
833
833
833
833
833
841
841
841
841
841
862
862
862
862
862
866
866
866
866
866
866
882
882
882
882
882
885
885
885
885
885
895
895
895
895
895
895
895
895
895
895
895
894
894
894
894
894
883
883
883
883
883
883
867
867
867
867
867
858
858
858
858
858
854
854
854
854
854
854
840
840
840
840
840
831
831
831
831
831
839
839
839
839
839
839
841
841
841
841
841
857
857
857
857
857
877
877
877
877
877
877
892
892
892
892
892
917
917
917
917
917
937
937
937
937
937
937
938
938
938
938
938
947
947
947
947
947
943
943
943
943
943
943
924
924
924
924
924
931
931
931
931
931
916
916
916
916
916
916
907
907
907
907
907
912
912
912
912
912
927
927
927
927
927
927
942
942
942
942
942
958
958
958
958
958
972
972
972
972
972
972
992
992
992
992
992
1005
1005
1005
1005
1005
1011
1011
1011
1011
1011
1011
1017
1017
1017
1017
1017
1014
1014
1014
1014
1014
1007
1007
1007
1007
1007
1007
996
996
996
996
996
984
984
984
984
984
986
986
986
986
986
986
984
984
984
984
984
977
977
977
977
977
977
977
977
977
977
977
978
978
978
978
978
974
974
974
974
974
977
977
977
977
977
977
975
975
975
975
975
970
970
970
970
970
970
970
970
970
970
970
972
972
972
972
972
964
964
964
964
964
964
964
964
964
964
964
961
961
961
961
961
946
946
946
946
946
946
946
946
946
946
946
938
938
938
938
938
934
934
934
934
934
917
917
917
917
917
917
898
898
898
898
898
891
891
891
891
891
891
891
891
891
891
891
872
872
872
872
872
889
889
889
889
889
885
885
885
885
885
885
895
895
895
895
895
901
901
901
901
901
916
916
916
916
916
916
928
928
928
928
928
948
948
948
948
948
964
964
964
964
964
964
973
973
973
973
973
989
989
989
989
989
987
987
987
987
987
987
997
997
997
997
997
985
985
985
985
985
1002
1002
1002
1002
1002
1002
996
996
996
996
996
988
988
988
988
988
979
979
979
979
979
979
970
970
970
970
970
964
964
964
964
964
969
969
969
969
969
969
970
970
970
970
970
980
980
980
980
980
981