434
434
434
434
438
438
438
438
438
466
466
466
466
466
466
508
508
508
508
508
595
595
595
595
595
679
679
679
679
679
679
768
768
768
768
768
810
810
810
810
810
779
779
779
779
779
779
697
697
697
697
697
615
615
615
615
615
542
542
542
542
542
542
474
474
474
474
474
477
477
477
477
477
429
429
429
429
429
429
429
429
429
429
429
432
432
432
432
432
446
446
446
446
446
446
465
465
465
465
465
470
470
470
470
470
474
474
474
474
474
474
478
478
478
478
478
487
487
487
487
487
471
471
471
471
471
471
471
471
471
471
471
426
426
426
426
426
400
400
400
400
400
400
394
394
394
394
394
364
364
364
364
364
369
369
369
369
369
369
361
361
361
361
361
367
367
367
367
367
362
362
362
362
362
362
360
360
360
360
360
372
372
372
372
372
393
393
393
393
393
393
402
402
402
402
402
408
408
408
408
408
441
441
441
441
441
441
462
462
462
462
462
477
477
477
477
477
525
525
525
525
525
525
513
513
513
513
513
493
493
493
493
493
464
464
464
464
464
464
440
440
440
440
440
418
418
418
418
418
405
405
405
405
405
405
403
403
403
403
403
415
415
415
415
415
412
412
412
412
412
412
433
433
433
433
433
445
445
445
445
445
444
444
444
444
444
444
441
441
441
441
441
428
428
428
428
428
412
412
412
412
412
412
420
420
420
420
420
387
387
387
387
387
387
387
387
387
387
387
394
394
394
394
394
387
387
387
387
387
407
407
407
407
407
407
424
424
424
424
424
454
454
454
454
454
488
488
488
488
488
488
543
543
543
543
543
609
609
609
609
609
712
712
712
712
712
712
765
765
765
765
765
798
798
798
798
798
770
770
770
770
770
770
713
713
713
713
713
677
677
677
677
677
581
581
581
581
581
581
525
525
525
525
525
463
463
463
463
463
435
435
435
435
435
435
427
427
427
427
427
402
402
402
402
402
384
384
384
384
384
384
373
373
373
373
373
372
372
372
372
372
363
363
363
363
363
363
351
351
351
351
351
354
354
354
354
354
355
355
355
355
355
355
355
355
355
355
355
352
352
352
352
352
360
360
360
360
360
360
352
352
352
352
352
345
345
345
345
345
342
342
342
342
342
342
347
347
347
347
347
354
354
354
354
354
350
350
350
350
350
350
362
362
362
362
362
374
374
374
374
374
405
405
405
405
405
405
443
443
443
443
443
536
536
536
536
536
726
726
726
726
726
726
916
916
916
916
916
1018
1018
1018
1018
1018
1024
1024
1024
1024
1024
1024
878
878
878
878
878
664
664
664
664
664
482
482
482
482
482
482
419
419
419
419
419
379
379
379
379
379
376
376
376
376
376
376
366
366
366
366
366
379
379
379
379
379
401
401
401
401
401
401
410
410
410
410
410
476
476
476
476
476
571
571
571
571
571
571
758
758
758
758
758
982
982
982
982
982
1135
1135
1135
1135
1135
1135
1245
1245
1245
1245
1245
1327
1327
1327
1327
1327
1336
1336
1336
1336
1336
1336
1291
1291
1291
1291
1291
1212
1212
1212
1212
1212
1136
1136
1136
1136
1136
1136
1073
1073
1073
1073
1073
1039
1039
1039
1039
1039
1002
1002
1002
1002
1002
1002
993
993
993
993
993
1006
1006
1006
1006
1006
1024
1024
1024
1024
1024
1024
989
989
989
989
989
955
955
955
955
955
875
875
875
875
875
875
758
758
758
758
758
695
695
695
695
695
600
600
600
600
600
600
525
525
525
525
525
507
507
507
507
507
453
453
453
453
453
453
433
433
433
433
433
408
408
408
408
408
402
402
402
402
402
402
388
388
388
388
388
367
367
367
367
367
358
358
358
358
358
358
363
363
363
363
363
349
349
349
349
349
352
352
352
352
352
352
341
341
341
341
341
340
340
340
340
340
337
337
337
337
337
337
343
343
343
343
343
340
340
340
340
340
338
338
338
338
338
338
343
343
343
343
343
340
340
340
340
340
348
348
348
348
348
348
355
355
355
355
355
350
350
350
350
350
371
371
371
371
371
371
361
361
361
361
361
366
366
366
366
366
365
365
365
365
365
365
353
353
353
353
353
354
354
354
354
354
341
341
341
341
341
341
334
334
334
334
334
324
324
324
324
324
315
315
315
315
315
315
316
316
316
316
316
310
310
310
310
310
316
316
316
316
316
316
315
315
315
315
315
330
330
330
330
330
342
342
342
342
342
342
355
355
355
355
355
362
362
362
362
362
384
384
384
384
384
384
381
381
381
381
381
386
386
386
386
386
384
384
384
384
384
384
357
357
357
357
357
360
360
360
360
360
354
354
354
354
354
354
353
353
353
353
353
353
353
353
353
353
351
351
351
351
351
351
371
371
371
371
371
389
389
389
389
389
400
400
400
400
400
400
416
416
416
416
416
454
454
454
454
454
471
471
471
471
471
471
454
454
454
454
454
465
465
465
465
403
403
403
403
403
403
389
389
389
389
389
357
357
357
357
357
359
359
359
359
359
359
352
352
352
352
352
359
359
359
359
359
352
352
352
352
352
352
366
366
366
366
366
375
375
375
375
375
389
389
389
389
389
389
424
424
424
424
424
428
428
428
428
428
436
436
436
436
436
436
414
414
414
414
414
393
393
393
393
393
376
376
376
376
376
376
358
358
358
358
358
353
353
353
353
353
357
357
357
357
357
357
356
356
356
356
356
375
375
375
375
375
405
405
405
405
405
405
481
481
481
481
481
623
623
623
623
623
870
870
870
870
870
870
1041
1041
1041
1041
1041
1055
1055
1055
1055
1055
1022
1022
1022
1022
1022
1022
933
933
933
933
933
758
758
758
758
758
600
600
600
600
600
600
503
503
503
503
503
490
490
490
490
490
470
470
470
470
470
470
492
492
492
492
492
493
493
493
493
493
515
515
515
515
515
515
504
504
504
504
504
493
493
493
493
493
471
471
471
471
471
471
436
436
436
436
436
421
421
421
421
421
383
383
383
383
383
383
389
389
389
389
389
376
376
376
376
376
379
379
379
379
379
379
384
384
384
384
384
378
378
378
378
378
437
437
437
437
437
437
438
438
438
438
438
498
498
498
498
498
528
528
528
528
528
528
559
559
559
559
559
561
561
561
561
561
521
521
521
521
521
521
482
482
482
482
482
455
455
455
455
455
458
458
458
458
458
458
441
441
441
441
441
460
460
460
460
460
471
471
471
471
471
471
448
448
448
448
448
479
479
479
479
479
479
479
479
479
479
479
452
452
452
452
452
463
463
463
463
463
453
453
453
453
453
453
457
457
457
457
457
416
416
416
416
416
411
411
411
411
411
411
390
390
390
390
390
381
381
381
381
381
367
367
367
367
367
367
342
342
342
342
342
338
338
338
338
338
342
342
342
342
342
342
345
345
345
345
345
332
332
332
332
332
347
347
347
347
347
347
343
343
343
343
343
337
337
337
337
337
357
357
357
357
357
357
376
376
376
376
376
383
383
383
383
383
407
407
407
407
407
407
413
413
413
413
413
432
432
432
432
432
437
437
437
437
437
437
434
434
434
434
434
420
420
420
420
420
412
412
412
412
412
412
401
401
401
401
401
393
393
393
393
393
393
393
393
393
393
393
383
383
383
383
383
390
390
390
390
390
401
401
401
401
401
401
386
386
386
386
386
392
392
392
392
392
397
397
397
397
397
397
393
393
393
393
393
414
414
414
414
414
437
437
437
437
437
437
427
427
427
427
427
445
445
445
445
445
466
466
466
466
466
466
468
468
468
468
468
475
475
475
475
475
478
478
478
478
478
478
471
471
471
471
471
477
477
477
477
477
480
480
480
480
480
480
485
485
485
485
485
489
489
489
489
489
501
501
501
501
501
501
528
528
528
528
528
539
539
539
539
539
540
540
540
540
540
540
534
534
534
534
534
541
541
541
541
541
533
533
533
533
533
533
532
532
532
532
532
521
521
521
521
521
520
520
520
520
520
520
501
501
501
501
501
529
529
529
529
529
510
510
510
510
510
510
523
523
523
523
523
514
514
514
514
514
552
552
552
552
552
552
504
504
504
504
504
526
526
526
526
526
525
525
525
525
525
525
506
506
506
506
506
517
517
517
517
517
443
443
443
443
443
443
434
434
434
434
434
435
435
435
435
435
432
432
432
432
432
432
436
436
436
436
436
459
459
459
459
459
484
484
484
484
484
484
493
493
493
493
493
517
517
517
517
517
534
534
534
534
534
534
494
494
494
494
494
502
502
502
502
502
444
444
444
444
444
444
427
427
427
427
427
399
399
399
399
399
392
392
392
392
392
392
379
379
379
379
379
382
382
382
382
382
360
360
360
360
360
360
381
381
381
381
381
385
385
385
385
385
395
395
395
395
395
395
404
404
404
404
404
436
436
436
436
436
431
431
431
431
431
431
424
424
424
424
424
412
412
412
412
412
399
399
399
399
399
399
396
396
396
396
396
375
375
375
375
375
375
375
375
375
375
375
363
363
363
363
363
358
358
358
358
358
359
359
359
359
359
359
376
376
376
376
376
382
382
382
382
382
384
384
384
384
384
384
412
412
412
412
412
438
438
438
438
438
457
457
457
457
457
457
454
454
454
454
454
451
451
451
451
451
412
412
412
412
412
412
406
406
406
406
406
372
372
372
372
372
368
368
368
368
368
368
353
353
353
353
353
362
362
362
362
362
364
364
364
364
364
364
375
375
375
375
375
374
374
374
374
374
385
385
385
385
385
385
405
405
405
405
405
441
441
441
441
441
461
461
461
461
461
461
463
463
463
463
463
462
462
462
462
462
438
438
438
438
438
438
415
415
415
415
415
416
416
416
416
416
390
390
390
390
390
390
383
383
383
383
383
376
376
376
376
376
372
372
372
372
372
372
373
373
373
373
373
382
382
382
382
382
394
394
394
394
394
394
409
409
409
409
409
406
406
406
406
406
432
432
432
432
432
432
417
417
417
417
417
416
416
416
416
416
426
426
426
426
426
426
435
435
435
435
435
431
431
431
431
431
416
416
416
416
416
416
411
411
411
411
411
417
417
417
417
417
440
440
440
440
440
440
408
408
408
408
408
418
418
418
418
418
421
421
421
421
421
421
396
396
396
396
396
398
398
398
398
398
390
390
390
390
390
390
394
394
394
394
394
378
378
378
378
378
386
386
386
386
386
386
377
377
377
377
377
373
373
373
373
373
363
363
363
363
363
363
366
366
366
366
366
382
382
382
382
382
374
374
374
374
374
374
387
387
387
387
387
369
369
369
369
369
381
381
381
381
381
381
387
387
387
387
387
389
389
389
389
389
371
371
371
371
371
371
375
375
375
375
375
357
357
357
357
357
371
371
371
371
371
371
367
367
367
367
367
372
372
372
372
372
376
376
376
376
376
376
383
383
383
383
383
395
395
395
395
395
407
407
407
407
407
407
419
419
419
419
419
425
425
425
425
425
451
451
451
451
451
451
467
467
467
467
467
444
444
444
444
444
453
453
453
453
453
453
437
437
437
437
437
424
424
424
424
424
425
425
425
425
425
425
410
410
410
410
410
417
417
417
417
417
398
398
398
398
398
398
411
411
411
411
411
413
413
413
413
413
411
411
411
411
411
411
423
423
423
423
423
427
427
427
427
439
439
439
439
439
439
456
456
456
456
456
450
450
450
450
450
448
448
448
448
448
448
441
441
441
441
441
433
433
433
433
433
432
432
432
432
432
432
426
426
426
426
426
424
424
424
424
424
425
425
425
425
425
425
407
407
407
407
407
412
412
412
412
412
421
421
421
421
421
421
425
425
425
425
425
445
445
445
445
445
445
445
445
445
445
445
444
444
444
444
444
469
469
469
469
469
458
458
458
458
458
458
449
449
449
449
449
446
446
446
446
446
455
455
455
455
455
455
444
444
444
444
444
428
428
428
428
428
436
436
436
436
436
436
432
432
432
432
432
464
464
464
464
464
441
441
441
441
441
441
444
444
444
444
444
469
469
469
469
469
459
459
459
459
459
459
454
454
454
454
454
430
430
430
430
430
438
438
438
438
438
438
410
410
410
410
410
399
399
399
399
399
420
420
420
420
420
420
410
410
410
410
410
409
409
409
409
409
402
402
402
402
402
402
388
388
388
388
388
404
404
404
404
404
397
397
397
397
397
397
416
416
416
416
416
402
402
402
402
402
401
401
401
401
401
401
399
399
399
399
399
417
417
417
417
417
413
413
413
413
413
413
397
397
397
397
397
419
419
419
419
419
402
402
402
402
402
402
394
394
394
394
394
399
399
399
399
399
401
401
401
401
401
401
388
388
388
388
388
419
419
419
419
419
405
405
405
405
405
405
410
410
410
410
410
431
431
431
431
431
439
439
439
439
439
439
446
446
446
446
446
451
451
451
451
451
441
441
441
441
441
441
410
410
410
410
410
413
413
413
413
413
401
401
401
401
401
401
402
402
402
402
402
396
396
396
396
396
386
386
386
386
386
386
387
387
387
387
387
392
392
392
392
392
403
403
403
403
403
403
412
412
412
412
412
398
398
398
398
398
413
413
413
413
413
413
420
420
420
420
420
423
423
423
423
423
436
436
436
436
436
436
412
412
412
412
412
419
419
419
419
419
422
422
422
422
422
422
402
402
402
402
402
421
421
421
421
421
411
411
411
411
411
411
418
418
418
418
418
422
422
422
422
422
413
413
413
413
413
413
429
429
429
429
429
437
437
437
437
437
431
431
431
431
431
431
433
433
433
433
433
445
445
445
445
445
427
427
427
427
427
427
415
415
415
415
415
418
418
418
418
418
441
441
441
441
441
441
436
436
436
436
436
437
437
437
437
437
435
435
435
435
435
435
433
433
433
433
433
432
432
432
432
432
427
427
427
427
427
427
423
423
423
423
423
417
417
417
417
417
426
426
426
426
426
426
430
430
430
430
430
432
432
432
432
432
435
435
435
435
435
435
441
441
441
441
441
444
444
444
444
444
436
436
436
436
436
436
434
434
434
434
434
448
448
448
448
448
434
434
434
434
434
434
446
446
446
446
446
467
467
467
467
467
443
443
443
443
443
443
448
448
448
448
448
443
443
443
443
443
447
447
447
447
447
447
418
418
418
418
418
423
423
423
423
423
420
420
420
420
420
420
421
421
421
421
421
425
425
425
425
425
414
414
414
414
414
414
425
425
425
425
425
432
432
432
432
432
441
441
441
441
441
441
431
431
431
431
431
437
437
437
437
437
437
437
437
437
437
437
440
440
440
440
440
439
439
439
439
439
459
459
459
459
459
459
438
438
438
438
438
429
429
429
429
429
410
410
410
410
410
410
427
427
427
427
427
410
410
410
410
410
432
432
432
432
432
432
403
403
403
403
403
404
404
404
404
404
405
405
405
405
405
405
409
409
409
409
409
413
413
413
413
413
394
394
394
394
394
394
385
385
385
385
385
402
402
402
402
402
384
384
384
384
384
384
388
388
388
388
388
384
384
384
384
384
402
402
402
402
402
402
391
391
391
391
391
396
396
396
396
396
385
385
385
385
385
385
397
397
397
397
397
402
402
402
402
402
398
398
398
398
398
398
409
409
409
409
409
414
414
414
414
414
411
411
411
411
411
411
394
394
394
394
394
404
404
404
404
404
397
397
397
397
397
397
400
400
400
400
400
404
404
404
404
404
408
408
408
408
408
408
394
394
394
394
394
389
389
389
389
389
402
402
402
402
402
402
395
395
395
395
395
409
409
409
409
409
390
390
390
390
390
390
396
396
396
396
396
397
397
397
397
397
401
401
401
401
401
401
409
409
409
409
409
403
403
403
403
403
407
407
407
407
407
407
401
401
401
401
401
415
415
415
415
415
421
421
421
421
421
421
422
422
422
422
422
419
419
419
419
419
418
418
418
418
418
418
408
408
408
408
408
409
409
409
409
409
418
418
418
418
418
418
390
390
390
390
390
389
389
389
389
389
393
393
393
393
393
393
381
381
381
381
381
409
409
409
409
409
406
406
406
406
406
406
392
392
392
392
392
407
407
407
407
407
429
429
429
429
429
429
433
433
433
433
433
440
440
440
440
440
465
465
465
465
465
465
460
460
460
460
460
442
442
442
442
442
448
448
448
448
448
448
440
440
440
440
440
419
419
419
419
419
430
430
430
430
430
430
411
411
411
411
411
387
387
387
387
387
406
406
406
406
406
406
402
402
402
402
402
386
386
386
386
386
407
407
407
407
407
407
419
419
419
419
419
438
438
438
438
438
420
420
420
420
420
420
438
438
438
438
438
422
422
422
422
422
434
434
434
434
434
434
421
421
421
421
421
405
405
405
405
405
404
404
404
404
404
404
394
394
394
394
394
392
392
392
392
392
383
383
383
383
383
383
399
399
399
399
399
413
413
413
413
413
401
401
401
401
401
401
398
398
398
398
398
402
402
402
402
402
410
410
410
410
410
410
400
400
400
400
400
400
400
400
400
400
397
397
397
397
397
397
382
382
382
382
382
389
389
389
389
389
391
391
391
391
391
391
384
384
384
384
384
396
396
396
396
396
394
394
394
394
394
394
387
387
387
387
387
396
396
396
396
396
402
402
402
402
402
402
421
421
421
421
421
411
411
411
411
411
395
395
395
395
395
395
412
412
412
412
412
394
394
394
394
394
402
402
402
402
402
402
385
385
385
385
385
379
379
379
379
379
384
384
384
384
384
384
378
378
378
378
378
380
380
380
380
380
392
392
392
392
392
392
379
379
379
379
379
415
415
415
415
415
400
400
400
400
400
400
398
398
398
398
398
414
414
414
414
414
398
398
398
398
398
398
405
405
405
405
405
407
407
407
407
407
397
397
397
397
397
397
384
384
384
384
384
399
399
399
399
399
403
403
403
403
403
403
385
385
385
385
385
408
408
408
408
408
401
401
401
401
401
401
411
411
411
411
411
419
419
419
419
419
414
414
414
414
414
414
405
405
405
405
405
412
412
412
412
412
422
422
422
422
422
422
427
427
427
427
427
420
420
420
420
420
431
431
431
431
431
431
430
430
430
430
430
460
460
460
460
460
438
438
438
438
438
438
438
438
438
438
438
449
449
449
449
449
438
438
438
438
438
438
445
445
445
445
445
432
432
432
432
432
431
431
431
431
431
431
433
433
433
433
433
446
446
446
446
446
440
440
440
440
440
440
436
436
436
436
436
424
424
424
424
424
426
426
426
426
426
426
436
436
436
436
436
427
427
427
427
427
420
420
420
420
420
420
458
458
458
458
458
468
468
468
468
468
452
452
452
452
452
452
468
468
468
468
468
465
465
465
465
465
438
438
438
438
438
438
464
464
464
464
464
444
444
444
444
444
451
451
451
451
451
451
438
438
438
438
438
438
438
438
438
438
430
430
430
430
430
430
439
439
439
439
439
427
427
427
427
427
456
456
456
456
456
456
484
484
484
484
484
457
457
457
457
457
492
492
492
492
492
492
484
484
484
484
484
496
496
496
496
496
479
479
479
479
479
479
469
469
469
469
469
448
448
448
448
448
427
427
427
427
427
427
432
432
432
432
432
422
422
422
422
422
436
436
436
436
436
436
408
408
408
408
408
414
414
414
414
414
426
426
426
426
426
426
425
425
425
425
425
451
451
451
451
451
442
442
442
442
442
442
430
430
430
430
430
433
433
433
433
433
422
422
422
422
422
422
412
412
412
412
412
406
406
406
406
406
404
404
404
404
404
404
414
414
414
414
414
411
411
411
411
411
407
407
407
407
407
407
410
410
410
410
410
422
422
422
422
422
436
436
436
436
436
436
424
424
424
424
424
448
448
448
448
448
431
431
431
431
431
431
422
422
422
422
422
440
440
440
440
440
418
418
418
418
418
418
416
416
416
416
416
398
398
398
398
398
390
390
390
390
390
390
395
395
395
395
395
410
410
410
410
410
407
407
407
407
407
407
402
402
402
402
402
406
406
406
406
406
408
408
408
408
408
408
418
418
418
418
418
432
432
432
432
432
435
435
435
435
435
435
430
430
430
430
430
430
430
430
430
430
411
411
411
411
411
411
427
427
427
427
427
410
410
410
410
410
408
408
408
408
408
408
397
397
397
397
397
387
387
387
387
387
391
391
391
391
391
391
395
395
395
395
395
401
401
401
401
401
406
406
406
406
406
406
403
403
403
403
403
392
392
392
392
392
394
394
394
394
394
394
392
392
392
392
392
394
394
394
394
394
414
414
414
414
414
414
408
408
408
408
408
389
389
389
389
389
384
384
384
384
384
384
404
404
404
404
404
403
403
403
403
403
396
396
396
396
396
396
392
392
392
392
392
390
390
390
390
390
377
377
377
377
377
377
402
402
402
402
402
402
402
402
402
402
394
394
394
394
394
394
413
413
413
413
413
388
388
388
388
388
400
400
400
400
400
400
399
399
399
399
399
392
392
392
392
392
387
387
387
387
387
387
395
395
395
395
395
393
393
393
393
393
386
386
386
386
386
386
398
398
398
398
398
389
389
389
389
389
382
382
382
382
382
382
397
397
397
397
397
401
401
401
401
401
398
398
398
398
398
398
390
390
390
390
390
411
411
411
411
411
405
405
405
405
405
405
390
390
390
390
390
402
402
402
402
402
404
404
404
404
404
404
402
402
402
402
402
389
389
389
389
389
400
400
400
400
400
400
391
391
391
391
391
409
409
409
409
409
396
396
396
396
396
396
392
392
392
392
392
406
406
406
406
406
401
401
401
401
401
401
398
398
398
398
398
413
413
413
413
413
409
409
409
409
409
409
421
421
421
421
421
409
409
409
409
409
411
411
411
411
411
411
404
404
404
404
404
402
402
402
402
402
400
400
400
400
400
400
398
398
398
398
398
421
421
421
421
421
413
413
413
413
413
413
409
409
409
409
409
410
410
410
410
410
422
422
422
422
422
422
433
433
433
433
433
419
419
419
419
419
417
417
417
417
417
417
404
404
404
404
404
392
392
392
392
392
415
415
415
415
415
415
389
389
389
389
389
409
409
409
409
409
418
418
418
418
418
418
408
408
408
408
408
420
420
420
420
420
410
410
410
410
410
410
414
414
414
414
414
418
418
418
418
418
419
419
419
419
419
419
412
412
412
412
412
423
423
423
423
423
421
421
421
421
421
421
416
416
416
416
416
410
410
410
410
410
423
423
423
423
423
423
422
422
422
422
422
435
435
435
435
435
433
433
433
433
433
433
430
430
430
430
430
427
427
427
427
427
428
428
428
428
428
428
425
425
425
425
425
411
411
411
411
411
414
414
414
414
414
414
415
415
415
415
415
403
403
403
403
403
422
422
422
422
422
422
411
411
411
411
411
408
408
408
408
408
413
413
413
413
413
413
422
422
422
422
422
438
438
438
438
438
449
449
449
449
449
449
443
443
443
443
443
446
446
446
446
446
436
436
436
436
436
436
431
431
431
431
431
437
437
437