616
690
690
690
690
690
771
771
771
771
771
771
875
875
875
875
875
954
954
954
954
954
1022
1022
1022
1022
1022
1022
1053
1053
1053
1053
1053
1058
1058
1058
1058
1058
1033
1033
1033
1033
1033
1033
1010
1010
1010
1010
1010
991
991
991
991
991
969
969
969
969
969
969
967
967
967
967
967
989
989
989
989
989
1032
1032
1032
1032
1032
1032
1085
1085
1085
1085
1085
1159
1159
1159
1159
1159
1218
1218
1218
1218
1218
1218
1267
1267
1267
1267
1267
1303
1303
1303
1303
1303
1318
1318
1318
1318
1318
1318
1287
1287
1287
1287
1287
1230
1230
1230
1230
1230
1149
1149
1149
1149
1149
1149
1044
1044
1044
1044
1044
949
949
949
949
949
846
846
846
846
846
846
805
805
805
805
805
805
805
805
805
805
818
818
818
818
818
818
886
886
886
886
886
967
967
967
967
967
1051
1051
1051
1051
1051
1051
1143
1143
1143
1143
1143
1188
1188
1188
1188
1188
1201
1201
1201
1201
1201
1201
1170
1170
1170
1170
1170
1116
1116
1116
1116
1116
1043
1043
1043
1043
1043
1043
967
967
967
967
967
903
903
903
903
903
876
876
876
876
876
876
864
864
864
864
864
870
870
870
870
870
896
896
896
896
896
896
945
945
945
945
945
1004
1004
1004
1004
1004
1066
1066
1066
1066
1066
1066
1104
1104
1104
1104
1104
1120
1120
1120
1120
1120
1102
1102
1102
1102
1102
1102
1070
1070
1070
1070
1070
1001
1001
1001
1001
1001
930
930
930
930
930
930
861
861
861
861
861
805
805
805
805
805
771
771
771
771
771
771
777
777
777
777
777
780
780
780
780
780
812
812
812
812
812
812
852
852
852
852
852
889
889
889
889
889
917
917
917
917
917
917
927
927
927
927
927
931
931
931
931
931
927
927
927
927
927
927
929
929
929
929
929
936
936
936
936
936
956
956
956
956
956
956
993
993
993
993
993
1030
1030
1030
1030
1030
1066
1066
1066
1066
1066
1066
1086
1086
1086
1086
1086
1092
1092
1092
1092
1092
1094
1094
1094
1094
1094
1094
1075
1075
1075
1075
1075
1051
1051
1051
1051
1051
1014
1014
1014
1014
1014
1014
1010
1010
1010
1010
1010
979
979
979
979
979
970
970
970
970
970
970
974
974
974
974
974
974
974
974
974
974
985
985
985
985
985
985
999
999
999
999
999
1018
1018
1018
1018
1018
1027
1027
1027
1027
1027
1027
1057
1057
1057
1057
1057
1073
1073
1073
1073
1073
1100
1100
1100
1100
1100
1100
1105
1105
1105
1105
1105
1104
1104
1104
1104
1104
1092
1092
1092
1092
1092
1092
1064
1064
1064
1064
1064
1043
1043
1043
1043
1043
1015
1015
1015
1015
1015
1015
991
991
991
991
991
985
985
985
985
985
998
998
998
998
998
998
999
999
999
999
999
1027
1027
1027
1027
1027
1043
1043
1043
1043
1043
1043
1054
1054
1054
1054
1054
1056
1056
1056
1056
1056
1041
1041
1041
1041
1041
1041
1017
1017
1017
1017
1017
972
972
972
972
972
940
940
940
940
940
940
896
896
896
896
896
871
871
871
871
871
854
854
854
854
854
854
849
849
849
849
849
866
866
866
866
866
883
883
883
883
883
883
893
893
893
893
893
918
918
918
918
918
914
914
914
914
914
914
909
909
909
909
909
907
907
907
907
907
891
891
891
891
891
891
890
890
890
890
890
880
880
880
880
880
894
894
894
894
894
894
912
912
912
912
912
962
962
962
962
962
989
989
989
989
989
989
1027
1027
1027
1027
1038
1038
1038
1038
1038
1017
1017
1017
1017
1017
1017
984
984
984
984
984
924
924
924
924
924
881
881
881
881
881
881
830
830
830
830
830
790
790
790
790
790
767
767
767
767
767
767
774
774
774
774
774
791
791
791
791
791
832
832
832
832
832
832
866
866
866
866
866
908
908
908
908
908
912
912
912
912
912
912
919
919
919
919
919
912
912
912
912
912
894
894
894
894
894
894
884
884
884
884
884
861
861
861
861
861
843
843
843
843
843
843
837
837
837
837
837
820
820
820
820
820
832
832
832
832
832
832
852
852
852
852
852
864
864
864
864
864
905
905
905
905
905
905
928
928
928
928
928
963
963
963
963
963
995
995
995
995
995
995
1016
1016
1016
1016
1016
1008
1008
1008
1008
1008
997
997
997
997
997
997
968
968
968
968
968
936
936
936
936
936
912
912
912
912
912
912
882
882
882
882
882
867
867
867
867
867
856
856
856
856
856
856
843
843
843
843
843
854
854
854
854
854
877
877
877
877
877
877
901
901
901
901
901
938
938
938
938
938
962
962
962
962
962
962
990
990
990
990
990
992
992
992
992
992
983
983
983
983
983
983
975
975
975
975
975
940
940
940
940
940
912
912
912
912
912
912
885
885
885
885
885
879
879
879
879
879
858
858
858
858
858
858
878
878
878
878
878
897
897
897
897
897
900
900
900
900
900
900
910
910
910
910
910
928
928
928
928
928
953
953
953
953
953
953
958
958
958
958
958
974
974
974
974
974
984
984
984
984
984
984
992
992
992
992
992
980
980
980
980
980
969
969
969
969
969
969
941
941
941
941
941
918
918
918
918
918
891
891
891
891
891
891
889
889
889
889
889
895
895
895
895
895
895
895
895
895
895
895
927
927
927
927
927
960
960
960
960
960
993
993
993
993
993
993
1019
1019
1019
1019
1019
1035
1035
1035
1035
1035
1016
1016
1016
1016
1016
1016
1001
1001
1001
1001
1001
985
985
985
985
985
936
936
936
936
936
936
914
914
914
914
914
881
881
881
881
881
880
880
880
880
880
880
877
877
877
877
877
888
888
888
888
888
905
905
905
905
905
905
918
918
918
918
918
958
958
958
958
958
969
969
969
969
969
969
985
985
985
985
985
998
998
998
998
998
1015
1015
1015
1015
1015
1015
1016
1016
1016
1016
1016
1006
1006
1006
1006
1006
999
999
999
999
999
999
994
994
994
994
994
998
998
998
998
998
986
986
986
986
986
986
988
988
988
988
988
1012
1012
1012
1012
1012
1042
1042
1042
1042
1042
1042
1055
1055
1055
1055
1055
1074
1074
1074
1074
1074
1104
1104
1104
1104
1104
1104
1111
1111
1111
1111
1111
1102
1102
1102
1102
1102
1095
1095
1095
1095
1095
1095
1110
1110
1110
1110
1110
1097
1097
1097
1097
1097
1124
1124
1124
1124
1124
1124
1145
1145
1145
1145
1145
1167
1167
1167
1167
1167
1173
1173
1173
1173
1173
1173
1172
1172
1172
1172
1172
1164
1164
1164
1164
1164
1147
1147
1147
1147
1147
1147
1126
1126
1126
1126
1126
1117
1117
1117
1117
1117
1089
1089
1089
1089
1089
1089
1086
1086
1086
1086
1086
1091
1091
1091
1091
1091
1106
1106
1106
1106
1106
1106
1126
1126
1126
1126
1126
1158
1158
1158
1158
1158
1160
1160
1160
1160
1160
1160
1164
1164
1164
1164
1164
1166
1166
1166
1166
1166
1165
1165
1165
1165
1165
1165
1158
1158
1158
1158
1158
1160
1160
1160
1160
1160
1137
1137
1137
1137
1137
1137
1131
1131
1131
1131
1131
1117
1117
1117
1117
1117
1113
1113
1113
1113
1113
1113
1099
1099
1099
1099
1099
1084
1084
1084
1084
1084
1070
1070
1070
1070
1070
1070
1057
1057
1057
1057
1057
1050
1050
1050
1050
1050
1058
1058
1058
1058
1058
1058
1058
1058
1058
1058
1058
1076
1076
1076
1076
1076
1097
1097
1097
1097
1097
1097
1103
1103
1103
1103
1103
1103
1103
1103
1103
1103
1114
1114
1114
1114
1114
1114
1103
1103
1103
1103
1103
1078
1078
1078
1078
1078
1065
1065
1065
1065
1065
1065
1014
1014
1014
1014
1014
999
999
999
999
999
976
976
976
976
976
976
965
965
965
965
965
955
955
955
955
955
954
954
954
954
954
954
955
955
955
955
955
939
939
939
939
939
939
939
939
939
939
939
935
935
935
935
935
929
929
929
929
929
914
914
914
914
914
914
907
907
907
907
907
902
902
902
902
902
903
903
903
903
903
903
895
895
895
895
895
906
906
906
906
906
889
889
889
889
889
889
896
896
896
896
896
895
895
895
895
895
904
904
904
904
904
904
900
900
900
900
900
922
922
922
922
922
939
939
939
939
939
939
942
942
942
942
942
956
956
956
956
956
962
962
962
962
962
962
954
954
954
954
954
966
966
966
966
966
952
952
952
952
952
952
937
937
937
937
937
928
928
928
928
928
912
912
912
912
912
912
898
898
898
898
898
896
896
896
896
896
891
891
891
891
891
891
889
889
889
889
889
899
899
899
899
899
900
900
900
900
900
900
915
915
915
915
915
928
928
928
928
928
938
938
938
938
938
938
964
964
964
964
964
939
939
939
939
939
935
935
935
935
935
935
907
907
907
907
907
880
880
880
880
880
859
859
859
859
859
859
857
857
857
857
857
857
857
857
857
857
848
848
848
848
848
848
865
865
865
865
865
867
867
867
867
867
870
870
870
870
870
870
868
868
868
868
868
867
867
867
867
867
861
861
861
861
861
861
855
855
855
855
855
854
854
854
854
854
860
860
860
860
860
860
857
857
857
857
857
868
868
868
868
868
896
896
896
896
896
896
903
903
903
903
903
926
926
926
926
926
950
950
950
950
950
950
968
968
968
968
968
989
989
989
989
989
996
996
996
996
996
996
996
996
996
996
996
985
985
985
985
985
962
962
962
962
962
962
949
949
949
949
949
911
911
911
911
911
885
885
885
885
885
885
877
877
877
877
877
870
870
870
870
870
890
890
890
890
890
890
928
928
928
928
928
958
958
958
958
958
999
999
999
999
999
999
1022
1022
1022
1022
1022
1037
1037
1037
1037
1037
1035
1035
1035
1035
1035
1035
1015
1015
1015
1015
1015
1010
1010
1010
1010
1010
1002
1002
1002
1002
1002
1002
978
978
978
978
978
977
977
977
977
985
985
985
985
985
985
982
982
982
982
982
1001
1001
1001
1001
1001
1005
1005
1005
1005
1005
1005
1021
1021
1021
1021
1021
1033
1033
1033
1033
1033
1034
1034
1034
1034
1034
1034
1039
1039
1039
1039
1039
1057
1057
1057
1057
1057
1062
1062
1062
1062
1062
1062
1066
1066
1066
1066
1066
1067
1067
1067
1067
1067
1058
1058
1058
1058
1058
1058
1044
1044
1044
1044
1044
1016
1016
1016
1016
1016
998
998
998
998
998
998
984
984
984
984
984
968
968
968
968
968
969
969
969
969
969
969
979
979
979
979
979
984
984
984
984
984
1004
1004
1004
1004
1004
1004
1016
1016
1016
1016
1016
1017
1017
1017
1017
1017
1026
1026
1026
1026
1026
1026
1029
1029
1029
1029
1029
1026
1026
1026
1026
1026
1020
1020
1020
1020
1020
1020
1000
1000
1000
1000
1000
989
989
989
989
989
963
963
963
963
963
963
954
954
954
954
954
945
945
945
945
945
934
934
934
934
934
934
935
935
935
935
935
940
940
940
940
940
947
947
947
947
947
947
976
976
976
976
976
995
995
995
995
995
1013
1013
1013
1013
1013
1013
1024
1024
1024
1024
1024
1029
1029
1029
1029
1029
1023
1023
1023
1023
1023
1023
1020
1020
1020
1020
1020
1007
1007
1007
1007
1007
1000
1000
1000
1000
1000
1000
986
986
986
986
986
977
977
977
977
977
982
982
982
982
982
982
978
978
978
978
978
983
983
983
983
983
1006
1006
1006
1006
1006
1006
1006
1006
1006
1006
1006
1036
1036
1036
1036
1036
1040
1040
1040
1040
1040
1040
1052
1052
1052
1052
1052
1064
1064
1064
1064
1064
1067
1067
1067
1067
1067
1067
1074
1074
1074
1074
1074
1070
1070
1070
1070
1070
1076
1076
1076
1076
1076
1076
1074
1074
1074
1074
1074
1091
1091
1091
1091
1091
1097
1097
1097
1097
1097
1097
1100
1100
1100
1100
1100
1094
1094
1094
1094
1094
1076
1076
1076
1076
1076
1076
1057
1057
1057
1057
1057
1035
1035
1035
1035
1035
1005
1005
1005
1005
1005
1005
984
984
984
984
984
969
969
969
969
969
966
966
966
966
966
966
968
968
968
968
968
977
977
977
977
977
987
987
987
987
987
987
996
996
996
996
996
1000
1000
1000
1000
1000
992
992
992
992
992
992
982
982
982
982
982
973
973
973
973
973
960
960
960
960
960
960
936
936
936
936
936
923
923
923
923
923
889
889
889
889
889
889
867
867
867
867
867
834
834
834
834
834
823
823
823
823
823
823
803
803
803
803
803
799
799
799
799
799
786
786
786
786
786
786
781
781
781
781
781
776
776
776
776
776
768
768
768
768
768
768
759
759
759
759
759
736
736
736
736
736
718
718
718
718
718
718
678
678
678
678
678
658
658
658
658
658
626
626
626
626
626
626
614
614
614
614
614
593
593
593
593
593
588
588
588
588
588
588
590
590
590
590
590
606
606
606
606
606
631
631
631
631
631
631
663
663
663
663
663
684
684
684
684
684
684
713
713
713
713
713
734
734
734
734
734
739
739
739
739
739
734
734
734
734
734
734
729
729
729
729
729
719
719
719
719
719
721
721
721
721
721
721
712
712
712
712
712
722
722
722
722
722
722
754
754
754
754
754
793
793
793
793
793
819
819
819
819
819
863
863
863
863
863
863
891
891
891
891
891
933
933
933
933
933
944
944
944
944
944
944
936
936
936
936
936
925
925
925
925
925
925
882
882
882
882
882
850
850
850
850
850
798
798
798
798
798
777
777
777
777
777
777
766
766
766
766
766
755
755
755
755
755
781
781
781
781
781
781
823
823
823
823
823
873
873
873
873
873
873
943
943
943
943
943
1014
1014
1014
1014
1014
1060
1060
1060
1060
1060
1093
1093
1093
1093
1093
1093
1104
1104
1104
1104
1104
1086
1086
1086
1086
1086
1060
1060
1060
1060
1060
1060
1028
1028
1028
1028
1028
991
991
991
991
991
991
960
960
960
960
960
954
954
954
954
954
958
958
958
958
958
965
965
965
965
965
965
997
997
997
997
997
1046
1046
1046
1046
1046
1074
1074
1074
1074
1074
1074
1104
1104
1104
1104
1104
1134
1134
1134
1134
1134
1134
1135
1135
1135
1135
1135
1123
1123
1123
1123
1123
1087
1087
1087
1087
1087
1036
1036
1036
1036
1036
1036
980
980
980
980
980
916
916
916
916
916
863
863
863
863
863
863
818
818
818
818
818
805
805
805
805
805
805
805
805
805
805
805
806
806
806
806
806
815
815
815
815
815
845
845
845
845
845
845
874
874
874
874
874
898
898
898
898
898
912
912
912
912
912
912
927
927
927
927
927
918
918
918
918
918
918
916
916
916
916
916
893
893
893
893
893
874
874
874
874
874
872
872
872
872
872
872
881
881
881
881
881
913
913
913
913
913
963
963
963
963
963
963
1020
1020
1020
1020
1020
1086
1086
1086
1086
1086
1086
1130
1130
1130
1130
1130
1165
1165
1165
1165
1165
1172
1172
1172
1172
1172
1168
1168
1168
1168
1168
1168
1141
1141
1141
1141
1141
1112
1112
1112
1112
1112
1077
1077
1077
1077
1077
1077
1040
1040
1040
1040
1040
1024
1024
1024
1024
1024
1024
1009
1009
1009
1009
1009
1018
1018
1018
1018
1018
1027
1027
1027
1027
1027
1048
1048
1048
1048
1048
1048
1060
1060
1060
1060
1060
1073
1073
1073
1073
1073
1078
1078
1078
1078
1078
1078
1085
1085
1085
1085
1085
1081
1081
1081
1081
1081
1081
1074
1074
1074
1074
1074
1062
1062
1062
1062
1062
1054
1054
1054
1054
1054
1052
1052
1052
1052
1052
1052
1052
1052
1052
1052
1052
1063
1063
1063
1063
1063
1065
1065
1065
1065
1065
1065
1087
1087
1087
1087
1087
1087
1087
1087
1087
1087
1087
1083
1083
1083
1083
1083
1083
1083
1083
1083
1083
1063
1063
1063
1063
1063
1024
1024
1024
1024
1024
1024
1003
1003
1003
1003
1003
951
951
951
951
951
901
901
901
901
901
901
861
861
861
861
861
829
829
829
829
829
829
798
798
798
798
798
775
775
775
775
775
748
748
748
748
748
728
728
728
728
728
728
710
710
710
710
710
674
674
674
674
674
647
647
647
647
647
647
613
613
613
613
613
574
574
574
574
574
574
537
537
537
537
537
497
497
497
497
497
476
476
476
476
476
470
470
470
470
470
470
486
486
486
486
486
506
506
506
506
506
555
555
555
555
555
555
614
614
614
614
614
681
681
681
681
681
681
745
745
745
745
745
812
812
812
812
812
871
871
871
871
871
917
917
917
917
917
917
933
933
933
933
933
945
945
945
945
945
929
929
929
929
929
929
920
920
920
920
920
891
891
891
891
891
891
878
878
878
878
878
867
867
867
867
867
873
873
873
873
873
891
891
891
891
891
891
921
921
921
921
921
950
950
950
950
950
988
988
988
988
988
988
1028
1028
1028
1028
1028
1067
1067
1067
1067
1067
1067
1104
1104
1104
1104
1104
1130
1130
1130
1130
1130
1151
1151
1151
1151
1151
1169
1169
1169
1169
1169
1169
1184
1184
1184
1184
1184
1189
1189
1189
1189
1189
1226
1226
1226
1226
1226
1226
1250
1250
1250
1250
1250
1287
1287
1287
1287
1287
1287
1328
1328
1328
1328
1328
1355
1355
1355
1355
1355
1400
1400
1400
1400
1400
1443
1443
1443
1443
1443
1443
1473
1473
1473
1473
1473
1487
1487
1487
1487
1487
1486
1486
1486
1486
1486
1486
1479
1479
1479
1479
1479
1449
1449
1449
1449
1449
1449
1422
1422
1422
1422
1422
1395
1395
1395
1395
1395
1377
1377
1377
1377
1377
1364
1364
1364
1364
1364
1364
1358
1358
1358
1358
1358
1371
1371
1371
1371
1371
1346
1346
1346
1346
1346
1346
1360
1360
1360
1360
1360
1332
1332
1332
1332
1332
1332
1304
1304
1304
1304
1304
1275
1275
1275
1275
1275
1230
1230
1230
1230
1230
1187
1187
1187
1187
1187
1187
1146
1146
1146
1146
1146
1092
1092
1092
1092
1092
1053
1053
1053
1053
1053
1053
1024
1024
1024
1024
1024
991
991
991
991
991
991
974
974
974
974
974
967
967
967
967
967
978
978
978
978
978
996
996
996
996
996
996
1015
1015
1015
1015
1015
1037
1037
1037
1037
1037
1066
1066
1066
1066
1066
1066
1070
1070
1070
1070
1070
1064
1064
1064
1064
1064
1064
1044
1044
1044
1044
1044
1010
1010
1010
1010
1010
968
968
968
968
968
917
917
917
917
917
917
875
875
875
875
875
843
843
843
843
843
820
820
820
820
820
820
821
821
821
821
821
820
820
820
820
820
820
834
834
834
834
834
852
852
852
852
852
854
854
854
854
854
865
865
865
865
865
865
857
857
857
857
857
844
844
844
844
844
830
830
830
830
830
830
821
821
821
821
821
790
790
790
790
790
790
767
767
767
767
767
746
746
746
746
746
738
738
738
738
738
751
751
751
751
751
751
777
777
777
777
777
807
807
807
807
807
842
842
842
842
842
842
889
889
889
889
889
939
939
939
939
939
939
971
971
971
971
971
991
991
991
991
991
992
992
992
992
992
986
986
986
986
986
986
973
973
973
973
973
948
948
948
948
948
926
926
926
926
926
926
910
910
910
910
910
896
896
896
896
896
896
904
904
904
904
904
900
900
900
900
900
918
918
918
918
918
935
935
935
935
935
935
949
949
949
949
949
970
970
970
970
970
961
961
961
961
961
961
951
951
951
951
951
923
923
923
923
923
923
902
902
902
902
902
877
877
877
877
877
860
860
860
860
860
842
842
842
842
842
842
828
828
828
828
828
815
815
815
815
815
819
819
819
819
819
819
832
832
832
832
832
850
850
850
850
850
850
870
870
870
870
870
879
879
879
879
879
899
899
899
899
899
910
910
910
910
910
910
912
912
912
912
912
909
909
909
909
909
901
901
901
901
901
901
886
886
886
886
886
893
893
893
893
893
893
880
880
880
880
880
890
890
890
890
890
892
892
892
892
892
900
900
900
900
900
900
893
893
893
893
893
888
888
888
888
888
880
880
880
880
880
880
852
852
852
852
852
847
847
847
847
847
847
803
803
803
803
803
781
781
781
781
781
745
745
745
745
745
728
728
728
728
728
728
712
712
712
712
712
705
705
705
705
705
715
715
715
715
715
715
728
728
728
728
728
723
723
723
723
723
723
728
728
728
728
728
742
742
742
742
742
738
738
738
738
738
739
739
739
739
739
739
734
734
734
734
734
726
726
726
726
726
715
715
715
715
715
715
714
714
714
714
714
714
714
714
714
714
714
714
714
714
714
714
746
746
746
746
746
769
769
769
769
769
803
803
803
803
803
803
839
839
839
839
839
875
875
875
875
875
908
908
908
908
908
908
943
943
943
943
943
958
958
958
958
958
958
982
982
982
982
982
987
987
987
987
987
992
992
992
992
992
990
990
990
990
990
990
986
986
986
986
986
1004
1004
1004
1004
1004
1002
1002
1002
1002
1002
1002
1028
1028
1028
1028
1028
1059
1059
1059
1059
1059
1059
1075
1075
1075
1075
1075
1094
1094
1094
1094
1094
1100
1100
1100
1100
1100
1117
1117
1117
1117
1117
1117
1110
1110
1110
1110
1110
1102
1102
1102
1102
1102
1098
1098
1098
1098
1098
1098
1069
1069
1069
1069
1069
1067
1067
1067
1067
1067
1067
1033
1033
1033
1033
1033
1024
1024
1024
1024
1024
1031
1031
1031
1031
1031
1029
1029
1029
1029
1029
1029
1032
1032
1032
1032
1032
1037
1037
1037
1037
1037
1056
1056
1056
1056
1056
1056
1061
1061
1061
1061
1061
1075
1075
1075
1075
1075
1075
1093
1093
1093
1093
1093
1087
1087
1087
1087
1087
1092
1092
1092
1092
1092
1092
1092
1092
1092
1092
1092
1073
1073
1073
1073
1073
1064
1064
1064
1064
1064
1056
1056
1056
1056
1056
1056
1059
1059
1059
1059
1059
1039
1039
1039
1039
1039
1039
1056
1056
1056
1056
1056
1061
1061
1061
1061
1061
1083
1083
1083
1083
1083
1105
1105
1105
1105
1105
1105
1106
1106
1106
1106
1106
1121
1121
1121
1121
1121
1115
1115
1115
1115
1115
1115
1104
1104
1104
1104
1104
1089
1089
1089
1089
1089
1089
1067
1067
1067
1067
1067
1035
1035
1035
1035
1035
992
992
992
992
992
962
962
962
962
962
962
953
953
953
953
953
945
945
945
945
945
966
966
966
966
966
966
976
976
976
976
976
996
996
996
996
996
996
1007
1007
1007
1007
1007
1022
1022
1022
1022
1022
1021
1021
1021
1021
1021
1022
1022
1022
1022
1022
1022
1009
1009
1009
1009
1009
992
992
992
992
992
973
973
973
973
973
973
959
959
959
959
959
942
942
942
942
942
942
933
933
933
933
933
919
919
919
919
919
925
925
925
925
925
929
929
929
929
929
929
944
944
944
944
944
958
958
958
958
958
991
991
991
991
991
991
1010
1010
1010
1010
1010
1024
1024
1024
1024
1024
1024
1050
1050
1050
1050
1050
1058
1058
1058
1058
1058
1060
1060
1060
1060
1060
1060
1060
1060
1060
1060
1060
1038
1038
1038
1038
1038
1018
1018
1018
1018
1018
994
994
994
994
994
994
971
971
971
971
971
953
953
953
953
953
953
943
943
943
943
943
929
929
929
929
929
923
923
923
923
923
917
917
917
917
917
917
925
925
925
925
925
928
928
928
928
928
938
938
938
938
938
938
949
949
949
949
949
952
952
952
952
952
952
953
953
953
953
953
959
959
959
959
959
948
948
948
948
948
943
943
943
943
943
943
937
937
937
937
937
925
925
925
925
925
905
905
905
905
905
905
910
910
910
910
910
901
901
901
901
901
901
888
888
888
888
888
900
900
900
900
900
908
908
908
908
908
903
903
903
903
903
903
930
930
930
930
930
930
930
930
930
930
945
945
945
945
945
945
951
951
951
951
951
936
936
936
936
936
936
934
934
934
934
934
914
914
914
914
914
908
908
908
908
908
896
896
896
896
896
896
897
897
897
897
897
883
883
883
883
883
872
872
872
872
872
872
852
852
852
852
852
859
859
859
859
859
859
844
844
844
844
844
836
836
836
836
836
823
823
823
823
823
828
828
828
828
828
828
827
827
827
827
827
830
830
830
830
830
847
847
847
847
847
847
853
853
853
853
853
875
875
875
875
875
875
886
886
886
886
886
900
900
900
900
900
909
909
909
909
909
907
907
907
907
907
907
897
897
897
897
897
892
892
892
892
892
892
892
892
892
892
892
887
887
887
887
887
884
884
884
884
884
884
901
901
901
901
901
911
911
911
911
911
927
927
927
927
927
929
929
929
929
929
929
932
932
932
932
932
939
939
939
939
939
935
935
935
935
935
935
934
934
934
934
934
921
921
921
921
921
921
914
914
914
914
914
905
905
905
905
905
909
909
909
909
909
915
915
915
915
915
915
910
910
910
910
910
935
935
935
935
935
944
944
944
944
944
944
963
963
963
963
963
983
983
983
983
983
983
992
992
992
992
992
1009
1009
1009
1009
1009
1016
1016
1016
1016
1016
1022
1022
1022
1022
1022
1022
1016
1016
1016
1016
1016
1020
1020
1020
1020
1020
1005
1005
1005
1005
1005
1005
1005
1005
1005
1005
1005
1004
1004
1004
1004
1004
1004
997
997
997
997
997
997
997
997
997
997
998
998
998
998
998
1002
1002
1002
1002
1002
1002
1010
1010
1010
1010
1010
1005
1005
1005
1005
1005
998
998
998
998
998
998
997
997
997
997
997
994
994
994
994
994
994
997
997
997
997
997
996
996
996
996
996
1000
1000
1000
1000
1000
1000
1000
1000
1000
1000
1000
997
997
997
997
997
995
995
995
995
995