0.19411764705882353
0.24588235294117644
0.25882352941176473
0.2976470588235294
0.3105882352941176
0.3494117647058823
0.36235294117647054
0.4011764705882353
0.4011764705882353
0.4270588235294117
0.45294117647058824
0.4917647058823529
0.5047058823529411
0.5305882352941176
0.5694117647058823
0.5952941176470588
0.608235294117647
0.6211764705882352
0.6599999999999999
0.6599999999999999
0.6988235294117646
0.7247058823529411
0.7376470588235294
0.7635294117647058
0.7764705882352941
0.8023529411764706
0.8152941176470587
0.8152941176470587
0.8670588235294118
0.8799999999999999
0.9188235294117646
0.9188235294117646
0.9447058823529411
0.9705882352941176
0.9835294117647058
1.0223529411764705
1.0223529411764705
1.0482352941176472
1.0741176470588234
1.0870588235294116
1.1258823529411763
1.1388235294117646
1.1517647058823528
1.1776470588235295
1.1905882352941175
1.1905882352941175
1.2294117647058824
1.2294117647058824
1.2423529411764704
1.2811764705882351
1.2811764705882351
1.3070588235294116
1.332941176470588
1.332941176470588
1.3588235294117648
1.384705882352941
1.3976470588235292
1.3976470588235292
1.423529411764706
1.436470588235294
1.4494117647058822
1.4623529411764704
1.488235294117647
1.488235294117647
1.5011764705882351
1.5270588235294116
1.54
1.5529411764705883
1.5658823529411763
1.5658823529411763
1.5917647058823527
1.6047058823529412
1.6047058823529412
1.6305882352941174
1.6435294117647057
1.6435294117647057
1.6694117647058824
1.6952941176470586
1.6952941176470586
1.7341176470588235
1.7470588235294118
1.7470588235294118
1.772941176470588
1.7988235294117647
1.811764705882353
1.8376470588235292
1.8505882352941176
1.8505882352941176
1.8635294117647059
1.9023529411764704
1.9023529411764704
1.9152941176470588
1.9411764705882353
1.9541176470588233
1.9670588235294115
1.98
2.0058823529411764
2.0188235294117645
2.0188235294117645
2.044705882352941
2.057647058823529
2.057647058823529
2.057647058823529
2.057647058823529
2.083529411764706
2.1094117647058823
2.1094117647058823
2.148235294117647
2.1611764705882353
2.1611764705882353
2.1611764705882353
2.1870588235294113
2.212941176470588
2.212941176470588
2.2258823529411766
2.2258823529411766
2.2517647058823527
2.264705882352941
2.264705882352941
2.277647058823529
2.277647058823529
2.2905882352941176
2.316470588235294
2.316470588235294
2.3294117647058825
2.3423529411764705
2.355294117647059
2.368235294117647
2.368235294117647
2.381176470588235
2.381176470588235
2.3941176470588235
2.3941176470588235
2.42
2.42
2.432941176470588
2.432941176470588
2.432941176470588
2.458823529411765
2.458823529411765
2.471764705882353
2.471764705882353
2.484705882352941
2.484705882352941
2.4976470588235293
2.523529411764706
2.523529411764706
2.523529411764706
2.536470588235294
2.5623529411764703
2.5623529411764703
2.5752941176470587
2.5752941176470587
2.5752941176470587
2.5752941176470587
2.5752941176470587
2.588235294117647
2.601176470588235
2.601176470588235
2.601176470588235
2.6270588235294117
2.6270588235294117
2.6270588235294117
2.6399999999999997
2.6399999999999997
2.6399999999999997
2.6399999999999997
2.6399999999999997
2.6399999999999997
2.6399999999999997
2.665882352941176
2.665882352941176
2.665882352941176
2.665882352941176
2.665882352941176
2.665882352941176
2.665882352941176
2.665882352941176
2.678823529411764
2.665882352941176
2.6399999999999997
2.6399999999999997
2.6270588235294117
2.601176470588235
2.588235294117647
2.588235294117647
2.5752941176470587
2.5752941176470587
2.5752941176470587
2.5623529411764703
2.5623529411764703
2.536470588235294
2.536470588235294
2.523529411764706
2.523529411764706
2.523529411764706
2.523529411764706
2.523529411764706
2.4976470588235293
2.4976470588235293
2.4976470588235293
2.4976470588235293
2.484705882352941
2.484705882352941
2.484705882352941
2.484705882352941
2.484705882352941
2.484705882352941
2.484705882352941
2.484705882352941
2.484705882352941
2.484705882352941
2.484705882352941
2.484705882352941
2.484705882352941
2.484705882352941
2.484705882352941
2.484705882352941
2.458823529411765
2.458823529411765
2.432941176470588
2.432941176470588
2.432941176470588
2.432941176470588
2.42
2.4070588235294115
2.3941176470588235
2.3941176470588235
2.381176470588235
2.381176470588235
2.381176470588235
2.381176470588235
2.381176470588235
2.381176470588235
2.368235294117647
2.368235294117647
2.355294117647059
2.355294117647059
2.355294117647059
2.3294117647058825
2.3294117647058825
2.3294117647058825
2.3294117647058825
2.316470588235294
2.316470588235294
2.316470588235294
2.316470588235294
2.316470588235294
2.316470588235294
2.316470588235294
2.316470588235294
2.2905882352941176
2.2905882352941176
2.2905882352941176
2.2905882352941176
2.2905882352941176
2.2905882352941176
2.277647058823529
2.277647058823529
2.277647058823529
2.277647058823529
2.277647058823529
2.277647058823529
2.277647058823529
2.277647058823529
2.277647058823529
2.277647058823529
2.277647058823529
2.277647058823529
2.277647058823529
2.277647058823529
2.277647058823529
2.277647058823529
2.277647058823529
2.277647058823529
2.277647058823529
2.277647058823529
2.277647058823529
2.277647058823529
2.277647058823529
2.277647058823529
2.277647058823529
2.277647058823529
2.277647058823529
2.277647058823529
2.277647058823529
2.277647058823529
2.277647058823529
2.277647058823529
2.277647058823529
2.277647058823529
2.277647058823529
2.277647058823529
2.277647058823529
2.277647058823529
2.277647058823529
2.277647058823529
2.277647058823529
2.277647058823529
2.277647058823529
2.277647058823529
2.264705882352941
2.264705882352941
2.264705882352941
2.2517647058823527
2.2517647058823527
2.2517647058823527
2.2517647058823527
2.2258823529411766
2.2258823529411766
2.2258823529411766
2.2258823529411766
2.2258823529411766
2.2258823529411766
2.2258823529411766
2.2258823529411766
2.2258823529411766
2.2258823529411766
2.2258823529411766
2.2258823529411766
2.212941176470588
2.212941176470588
2.212941176470588
2.212941176470588
2.212941176470588
2.212941176470588
2.212941176470588
2.1870588235294113
2.2
2.1870588235294113
2.1870588235294113
2.1870588235294113
2.1870588235294113
2.1870588235294113
2.1870588235294113
2.1870588235294113
2.1870588235294113
2.1870588235294113
2.1870588235294113
2.1870588235294113
2.1870588235294113
2.1870588235294113
2.1870588235294113
2.1870588235294113
2.1741176470588233
2.1741176470588233
2.1741176470588233
2.1741176470588233
2.1741176470588233
2.1741176470588233
2.1741176470588233
2.1741176470588233
2.1741176470588233
2.1741176470588233
2.1741176470588233
2.1741176470588233
2.1741176470588233
2.1741176470588233
2.1741176470588233
2.1741176470588233
2.1741176470588233
2.1741176470588233
2.1741176470588233
2.1741176470588233
2.1741176470588233
2.1741176470588233
2.1741176470588233
2.1741176470588233
2.1741176470588233
2.1741176470588233
2.1741176470588233
2.1741176470588233
2.1741176470588233
2.1741176470588233
2.1741176470588233
2.1741176470588233
2.1741176470588233
2.1741176470588233
2.1741176470588233
2.1741176470588233
2.1741176470588233
2.1741176470588233
2.1741176470588233
2.1741176470588233
2.1741176470588233
2.1741176470588233
2.1741176470588233
2.1741176470588233
2.1741176470588233
2.1741176470588233
2.1741176470588233
2.1741176470588233
2.1741176470588233
2.1741176470588233
2.1741176470588233
2.1741176470588233
2.1741176470588233
2.1741176470588233
2.1741176470588233
2.1741176470588233
2.1741176470588233
2.1741176470588233
2.1741176470588233
2.1741176470588233
2.1741176470588233
2.1741176470588233
2.1741176470588233
2.1741176470588233
2.1741176470588233
2.1741176470588233
2.1741176470588233
2.1741176470588233
2.1741176470588233
2.1741176470588233
2.1741176470588233
2.1741176470588233
2.1741176470588233
2.1741176470588233
2.1741176470588233
2.1741176470588233
2.1741176470588233
2.1741176470588233
2.1741176470588233
2.1741176470588233
2.1741176470588233
2.1741176470588233
2.1741176470588233
2.1741176470588233
2.1741176470588233
2.1741176470588233
2.1741176470588233
2.1741176470588233
2.1741176470588233
2.1741176470588233
2.1741176470588233
2.1741176470588233
2.1741176470588233
2.1741176470588233
2.1741176470588233
2.1741176470588233
2.1741176470588233
2.1741176470588233
2.1741176470588233
2.1741176470588233
2.1741176470588233
2.1741176470588233
2.1741176470588233
2.1741176470588233
2.070588235294118
